param T:= 180; #  tiempo en meses de las series de tiempo
param J:= 12; # numero de meses por año 
param K:= 15; # numero de años
param JJ:= 12; # Numero de tramos de la curva de beneficio por volumen
param KK:= 8; # Numero de tramos de la curva de beneficio por caudal 

param I:= # Caudal de entrada al embalse Recoelta en m3/mes
1	357092
2	36979
3	341377
4	387684
5	3028415
6	4259269
7	3844687
8	2256497
9	2553095
10	645291
11	98270
12	43472
13	13392
14	0
15	0
16	0
17	408555
18	8308598
19	4651227
20	3964948
21	1726943
22	1873869
23	1212003
24	756800
25	364643
26	556188
27	891965
28	712765
29	2841188
30	3221194
31	3197828
32	2893646
33	832032
34	231365
35	504577
36	414170
37	266657
38	0
39	0
40	0
41	2762475
42	4408155
43	3163818
44	2836769
45	2348558
46	517134
47	877192
48	722652
49	590653
50	399910
51	373235
52	1243733
53	2285047
54	2197296
55	3378978
56	1689857
57	1481642
58	517134
59	372493
60	365509
61	157760
62	36094
63	1240795
64	777431
65	1014349
66	1303120
67	2950025
68	7259972
69	5819725
70	6587640
71	7369082
72	7911048
73	4499930
74	3167048
75	2809325
76	4164940
77	5591721
78	7509720
79	6476337
80	6037449
81	5675536
82	7567054
83	10412620
84	10930208
85	8045839
86	4909978
87	3886189
88	4240687
89	23416427
90	13414755
91	10190605
92	8441465
93	6857596
94	6253609
95	5363332
96	4162229
97	3294754
98	1845018
99	2194043
100	2967096
101	4309032
102	5543270
103	3804006
104	2848256
105	2043662
106	1452978
107	1132827
108	960195
109	753704
110	560586
111	860121
112	1045037
113	3374935
114	3532367
115	3007069
116	2240287
117	1468831
118	835729
119	494548
120	378893
121	245885
122	55737
123	47245
124	190403
125	25344
126	1613776
127	2040099
128	959845
129	618662
130	435183
131	285269
132	177133
133	110811
134	50925
135	189573
136	18144
137	0
138	284740
139	850858
140	808386
141	391114
142	122834
143	30574
144	34573
145	41076
146	50925
147	38409
148	44791
149	61826
150	106476
151	8016866
152	1662490
153	794867
154	830961
155	567572
156	521630
157	482144
158	380345
159	450692
160	190403
161	884611
162	1445639
163	1631423
164	1248561
165	875871
166	577598
167	0
168	0
169	0
170	0
171	0
172	0
173	0
174	6396916
175	2575271
176	4271617
177	1436508
178	1735940
179	2436451
180	1601164
;

param P:= # Precipitacion sobre la superficie del embalse, en m3/mes
1	0
2	0
3	0
4	0
5	168201
6	166092
7	54997
8	20836
9	31307
10	0
11	16998
12	0
13	0
14	0
15	0
16	0
17	0
18	325778
19	78499
20	33711
21	0
22	42464
23	0
24	0
25	0
26	0
27	0
28	0
29	1995
30	0
31	0
32	29569
33	1120
34	0
35	0
36	0
37	3935
38	0
39	0
40	0
41	76400
42	7377
43	3074
44	820
45	0
46	0
47	3313
48	0
49	0
50	0
51	0
52	0
53	0
54	44468
55	0
56	0
57	19796
58	0
59	0
60	0
61	0
62	0
63	16854
64	0
65	0
66	0
67	59231
68	97197
69	7075
70	94342
71	0
72	0
73	0
74	0
75	0
76	0
77	19451
78	11342
79	145791
80	0
81	0
82	0
83	0
84	0
85	0
86	0
87	0
88	0
89	453361
90	170390
91	3726
92	29787
93	0
94	0
95	0
96	0
97	0
98	0
99	0
100	0
101	0
102	87837
103	14833
104	0
105	0
106	0
107	0
108	0
109	0
110	0
111	0
112	0
113	0
114	20051
115	0
116	0
117	0
118	0
119	0
120	0
121	0
122	0
123	0
124	0
125	0
126	191350
127	22575
128	0
129	0
130	0
131	0
132	0
133	0
134	0
135	0
136	0
137	0
138	38530
139	0
140	0
141	0
142	0
143	0
144	0
145	0
146	0
147	0
148	0
149	0
150	1543
151	267715
152	17906
153	0
154	0
155	0
156	0
157	0
158	0
159	0
160	0
161	0
162	0
163	30982
164	0
165	0
166	0
167	3397
168	0
169	0
170	0
171	0
172	0
173	17052
174	86815
175	0
176	65677
177	0
178	0
179	0
180	0
;

param E:= # Evaporacion de la superficie del embalse, en m3/mes
1	833917
2	692643
3	570612
4	392375
5	196451
6	138877
7	231177
8	330000
9	414506
10	551897
11	945490
12	1428416
13	1482300
14	845270
15	622221
16	424531
17	271022
18	153988
19	143111
20	292001
21	361092
22	415929
23	508612
24	633660
25	652847
26	565126
27	571905
28	415022
29	403870
30	357800
31	320513
32	258356
33	323842
34	450393
35	451041
36	554743
37	498928
38	408724
39	332798
40	236858
41	116650
42	77634
43	144059
44	210461
45	248600
46	289427
47	342890
48	365614
49	368434
50	256323
51	124260
52	139178
53	146729
54	94462
55	178987
56	211690
57	237892
58	289427
59	310019
60	414308
61	264923
62	186848
63	118836
64	134142
65	135163
66	149864
67	138370
68	158210
69	264927
70	339456
71	482889
72	640401
73	673404
74	668887
75	528526
76	366361
77	290303
78	281499
79	271208
80	352021
81	472867
82	678159
83	807793
84	898810
85	1031560
86	846973
87	767769
88	640915
89	302395
90	242052
91	275570
92	376031
93	442797
94	725475
95	773410
96	905384
97	1086400
98	783260
99	754910
100	569314
101	561805
102	396153
103	289800
104	485426
105	709725
106	723559
107	896895
108	925992
109	931200
110	760476
111	657412
112	549951
113	522420
114	400548
115	403788
116	571751
117	540600
118	702825
119	807569
120	882880
121	879634
122	714126
123	584798
124	456760
125	385238
126	176119
127	256189
128	319714
129	432671
130	541798
131	611183
132	745222
133	754522
134	465954
135	538164
136	393287
137	448845
138	291480
139	218283
140	275284
141	412539
142	503396
143	574620
144	620155
145	618706
146	465954
147	430483
148	248436
149	163839
150	119325
151	122347
152	182754
153	265719
154	396842
155	458524
156	572936
157	592069
158	509296
159	424085
160	302508
161	259862
162	214688
163	210521
164	286562
165	401341
166	393041
167	393393
168	439146
169	399068
170	305301
171	260362
172	178445
173	111171
174	80885
175	131163
176	155710
177	331039
178	412880
179	586384
180	626180
;

param F:= #filtracion del embalse en m3/mes
1	10695
2	9660
3	10695
4	10350
5	10695
6	10350
7	10695
8	10695
9	10350
10	10695
11	10350
12	10695
13	10695
14	6373
15	5133
16	5250
17	5332
18	5160
19	4988
20	5332
21	5160
22	9856
23	10380
24	10726
25	10726
26	10034
27	10716
28	10380
29	10726
30	10380
31	10726
32	10726
33	10380
34	10726
35	10380
36	10726
37	7785
38	4844
39	5363
40	5190
41	5357
42	5184
43	5357
44	5357
45	10368
46	5357
47	5190
48	5363
49	5363
50	4844
51	3460
52	5184
53	5357
54	5184
55	5357
56	5357
57	5011
58	5357
59	5184
60	5357
61	5357
62	4838
63	5357
64	5184
65	1038
66	0
67	0
68	0
69	0
70	0
71	29358
72	57583
73	60198
74	50068
75	41588
76	49451
77	37075
78	42322
79	54201
80	41696
81	38889
82	41763
83	15759
84	21546
85	10726
86	17176
87	29770
88	12972
89	15216
90	74088
91	82080
92	77040
93	38628
94	43200
95	24138
96	28368
97	28296
98	12096
99	13392
100	12960
101	26784
102	25920
103	25524
104	42704
105	40140
106	41040
107	28800
108	26784
109	24948
110	24192
111	26784
112	25920
113	28296
114	42228
115	48204
116	46044
117	31284
118	28512
119	40716
120	39780
121	37152
122	33696
123	39348
124	43668
125	44082
126	49140
127	44640
128	45666
129	42768
130	42858
131	39834
132	41508
133	30276
134	12276
135	28224
136	19008
137	11232
138	16344
139	23148
140	17856
141	20736
142	18000
143	22464
144	19152
145	22788
146	12276
147	8046
148	13680
149	23148
150	23328
151	25056
152	24912
153	21096
154	23688
155	19800
156	20448
157	19872
158	16488
159	16524
160	18900
161	23724
162	23832
163	24192
164	24192
165	21708
166	18684
167	17784
168	18000
169	17244
170	15876
171	18360
172	17172
173	13284
174	12960
175	13092
176	13392
177	9072
178	21132
179	20520
180	15375
;

param mv:= # Pendiente de la curva de beneficio por volumen
1	0
2   0.00000001
3   0.00000001
4   0.00000001
5   0.00000001
6   0.00000001
7   0.00000001
8   0.00000001
9   0.00000001
10  0.00000001
11  0.00000001
12  0

;

param dV:= # Longitud del tramo de la curva de beneficio por volumen
1   1000000
2   9000000
3   10000000
4   10000000
5   10000000
6   10000000
7   10000000
8   10000000
9   10000000
10  10000000
11  10000000
12  10000000
    
;

param mq:= # Pendiente de la curva de beneficio por caudal
1	0.00000002393
2   0.00000007180
3   0.00000007180
4   0.00000007180
5   0.00000007180
6   0.00000007180
7   0.00000007180
8   0  
;

param dQ:= # Longitud del tramo de la curva de beneficio por caudal
1   4178300
2   2089150
3   2089150
4   2089150
5   2089150
6   2089150
7   2089150
8   4178300
;

