Fecha	I(m3/mes)	E(m3/mes)	P(m3/mes)	F(m3/mes)	Q(m3/mes)	Qe(m3/mes)	V(m3/mes)
enero-10	357092	833917	0	10695	5234962	0	82446096
febrero-10	36979	692643	0	9660	4345776	0	77093150
marzo-10	341377	570612	0	10695	4781998	0	72092500
abril-10	387684	392375	0	10350	3153596	0	67908900
mayo-10	3028415	196451	168201	10695	1086129	0	67213000
junio-10	4259269	138877	166092	10350	370706	0	70019750
julio-10	3844687	231177	54997	10695	1956834	0	72645350
agosto-10	2256497	330000	20836	10695	1358474	0	73812000
septiembre-10	2553095	414506	31307	10350	2103539	0	74133100
octubre-10	645291	551897	0	10695	3015145	0	72749550
noviembre-10	98270	945490	16998	10350	3241992	0	68644200
diciembre-10	43472	1428416	0	10695	6288984	0	62110500
enero-11	13392	1482300	0	10695	6567247	0	53876300
febrero-11	0	845270	0	6373	3943430	0	47575800
marzo-11	0	622221	0	5133	4130611	0	42070050
abril-11	0	424531	0	5250	4871859	0	36248750
mayo-11	408555	271022	0	5332	1524085	0	32384700
junio-11	8308598	153988	325778	5160	164484	0	35704483
julio-11	4651227	143111	78499	4988	489456	0	41800467
agosto-11	3964948	292001	33711	5332	724215	0	45407600
septiembre-11	1726943	361092	0	5160	1100691	0	46970000
octubre-11	1873869	415929	42464	9856	2508084	0	46500000
noviembre-11	1212003	508612	0	10380	3113611	0	44829700
diciembre-11	756800	633660	0	10726	3497302	0	41887419
enero-12	364643	652847	0	10726	3752082	0	38139964
febrero-12	556188	565126	0	10034	6176052	0	32823600
marzo-12	891965	571905	0	10716	6732738	0	26460303
abril-12	712765	415022	0	10380	4583169	0	21151938
mayo-12	2841188	403870	1995	10726	1200348	0	19656100
junio-12	3221194	357800	0	10380	974484	0	21407015
julio-12	3197828	320513	0	10726	1068305	0	23267988
agosto-12	2893646	258356	29569	10726	583578	0	25182231
septiembre-12	832032	323842	1120	10380	906760	0	26555250
octubre-12	231365	450393	0	10726	1165871	0	26555250
noviembre-12	504577	451041	0	10380	1440157	0	25459250
diciembre-12	414170	554743	0	10726	2903289	0	23225506
enero-13	266657	498928	3935	7785	3280635	0	19831143
febrero-13	0	408724	0	4844	4877719	0	15339950
marzo-13	0	332798	0	5363	5026678	0	9892500
abril-13	0	236858	0	5190	2674911	0	6125200
mayo-13	2762475	116650	76400	5357	0	0	5145600
junio-13	4408155	77634	7377	5184	0	0	7741469
julio-13	3163818	144059	3074	5357	0	0	10887286
agosto-13	2836769	210461	820	5357	227906	0	12713300
septiembre-13	2348558	248600	0	10368	1152090	0	14010000
octubre-13	517134	289427	0	5357	2467872	0	7127537
noviembre-13	877192	342890	3313	5190	1729512	0	12031500
diciembre-13	722652	365614	0	5363	3520350	0	9782600
enero-14	590653	368434	0	5363	1900242	0	7199500
febrero-14	399910	256323	0	4844	3261537	0	4589500
marzo-14	373235	124260	0	3460	810126	0	1399000
abril-14	1243733	139178	0	5184	1063899	0	182220
mayo-14	2285047	146729	0	5357	1604961	0	553750
junio-14	2197296	94462	44468	5184	5580	0	1866505
julio-14	3378978	178987	0	5357	0	0	4635929
agosto-14	1689857	211690	0	5357	0	0	6892859
septiembre-14	1481642	237892	19796	5011	457884	0	8036844
octubre-14	517134	289427	0	5357	2467872	0	7127537
noviembre-14	372493	310019	0	5184	1794753	0	5520868
diciembre-14	365509	414308	0	5357	1326182	0	3952351
enero-15	157760	264923	0	5357	1285578	0	2544535
febrero-15	36094	186848	0	4838	1276884	0	1084512
marzo-15	1240795	118836	16854	5357	975375	0	769876
abril-15	777431	134142	0	5184	0	0	1600261
mayo-15	1014349	135163	0	1038	587981	0	2105294
junio-15	1303120	149864	0	0	0	0	2930704
julio-15	2950025	138370	59231	0	0	0	4916194
agosto-15	7259972	158210	97197	0	0	0	9935907
septiembre-15	5819725	264927	7075	0	1027044	0	15905137
octubre-15	6587640	339456	94342	0	475290	0	20965541
noviembre-15	7369082	482889	0	29358	885780	0	27010298
diciembre-15	7911048	640401	0	57583	1450350	0	32861555
enero-16	4499930	673404	0	60198	2137779	0	36483888
febrero-16	3167048	668887	0	50068	1189967	0	37946582
marzo-16	2809325	528526	0	41588	1290348	0	39022400
abril-16	4164940	366361	0	49451	1225425	0	40758882
mayo-16	5591721	290303	19451	37075	1009055	0	44197696
junio-16	7509720	281499	11342	42322	908379	0	49471848
julio-16	6476337	271208	145791	54201	424224	0	55526980
agosto-16	6037449	352021	0	41696	2200086	0	60156208
septiembre-16	5675536	472867	0	38889	2343874	0	63380107
octubre-16	7567054	678159	0	41763	2801722	0	66779597
noviembre-16	10412620	807793	0	15759	3489651	0	71878157
diciembre-16	10930208	898810	0	21546	6413535	0	76666210
enero-17	8045839	1031560	0	10726	7620174	0	78220866
febrero-17	4909978	846973	0	17176	4736372	0	77413112
marzo-17	3886189	767769	0	29770	3804246	0	76799251
abril-17	4240687	640915	0	12972	3816078	0	76276187
mayo-17	23416427	302395	453361	15216	4119120	9683296	81433863
junio-17	13414755	242052	170390	74088	1953216	11238656	86590855
julio-17	10190605	275570	3726	82080	1117682	8925384	86521713
agosto-17	8441465	376031	29787	77040	705942	7392025	86406013
septiembre-17	6857596	442797	0	38628	1786429	4961698	86180142
octubre-17	6253609	725475	0	43200	1341468	3877891	86219846
noviembre-17	5363332	773410	0	24138	2586545	2350943	86073888
diciembre-17	4162229	905384	0	28368	4577850	0	85107221
enero-18	3294754	1086400	0	28296	3810696	0	83789352
febrero-18	1845018	783260	0	12096	2800465	0	81980220
marzo-18	2194043	754910	0	13392	3937950	0	79849330
abril-18	2967096	569314	0	12960	2359081	0	78696495
mayo-18	4309032	561805	0	26784	1442322	0	79874168
junio-18	5543270	396153	87837	25920	1381572	0	82862605
julio-18	3804006	289800	14833	25524	1203400	1241479	85358481
agosto-18	2848256	485426	0	42704	3392752	12424	85239382
septiembre-18	2043662	709725	0	40140	2610772	0	84104641
octubre-18	1452978	723559	0	41040	1867927	0	82856299
noviembre-18	1132827	896895	0	28800	2834755	0	80939587
diciembre-18	960195	925992	0	26784	3598755	0	77765445
enero-19	753704	931200	0	24948	3472329	0	74120317
febrero-19	560586	760476	0	24192	3585463	0	70354429
marzo-19	860121	657412	0	26784	3578487	0	66775190
abril-19	1045037	549951	0	25920	1834262	0	64428642
mayo-19	3374935	522420	0	28296	1766387	0	64263698
junio-19	3532367	400548	20051	42228	656078	0	66125167
julio-19	3007069	403788	0	48204	618152	0	68333648
agosto-19	2240287	571751	0	46044	791291	0	69694276
septiembre-19	1468831	540600	0	31284	1557369	0	69755417
octubre-19	835729	702825	0	28512	1874946	0	68503209
noviembre-19	494548	807569	0	40716	1441816	0	66744415
diciembre-19	378893	882880	0	39780	1906464	0	64597597
enero-20	245885	879634	0	37152	2343888	0	61795386
febrero-20	55737	714126	0	33696	1931976	0	59012187
marzo-20	47245	584798	0	39348	1731142	0	56580382
abril-20	190403	456760	0	43668	1308092	0	54540697
mayo-20	25344	385238	0	44082	705891	0	53089309
junio-20	1613776	176119	191350	49140	255230	0	53228739
julio-20	2040099	256189	22575	44640	1029168	0	54311242
agosto-20	959845	319714	0	45666	961368	0	54440479
septiembre-20	618662	432671	0	42768	1002156	0	53816735
octubre-20	435183	541798	0	42858	1402233	0	52557878
noviembre-20	285269	611183	0	39834	1312329	0	50985965
diciembre-20	177133	745222	0	41508	1556877	0	49074247
enero-21	110811	754522	0	30276	4633633	0	45459487
febrero-21	50925	465954	0	12276	2168581	0	18085072
marzo-21	189573	538164	0	28224	4770786	0	34445403
abril-21	18144	393287	0	19008	3250933	0	29957281
mayo-21	0	448845	0	11232	442149	0	27796716
junio-21	284740	291480	38530	16344	862487	0	26912912
julio-21	850858	218283	0	23148	268366	0	26708932
agosto-21	808386	275284	0	17856	693956	0	26790138
septiembre-21	391114	412539	0	20736	1263042	0	26040034
octubre-21	122834	503396	0	18000	964235	0	24698039
noviembre-21	30574	574620	0	22464	816783	0	23325129
diciembre-21	34573	620155	0	19152	1257765	0	21702413
enero-22	41076	618706	0	22788	788112	0	20054744
febrero-22	50925	465954	0	12276	2168581	0	18085072
marzo-22	38409	430483	0	8046	3538728	0	14717674
abril-22	44791	248436	0	13680	2408212	0	11366128
mayo-22	61826	163839	0	23148	328223	0	9818729
junio-22	106476	119325	1543	23328	209712	0	9438373
julio-22	8016866	122347	267715	25056	16812	0	13376709
agosto-22	1662490	182754	17906	24912	101520	0	18157767
septiembre-22	794867	265719	0	21096	580324	0	18779194
octubre-22	830961	396842	0	23688	424885	0	18728604
noviembre-22	567572	458524	0	19800	778700	0	18376650
diciembre-22	521630	572936	0	20448	1068635	0	17390565
enero-23	482144	592069	0	19872	980072	0	16336601
febrero-23	380345	509296	0	16488	1288349	0	14997377
marzo-23	450692	424085	0	16524	2870942	0	12910935
abril-23	190403	302508	0	18900	1058515	0	11017248
mayo-23	884611	259862	0	23724	322153	0	10692705
junio-23	1445639	214688	0	23832	174406	0	11354381
julio-23	1631423	210521	30982	24192	295048	0	12437430
agosto-23	1248561	286562	0	24192	279547	0	13339658
septiembre-23	875871	401341	0	21708	707605	0	13541830
octubre-23	577598	393041	0	18684	1532318	0	12585516
noviembre-23	0	393393	3397	17784	1776351	0	11132860
diciembre-23	0	439146	0	18000	1722880	0	9316555
enero-24	0	399068	0	17244	2093259	0	7337961
febrero-24	0	305301	0	15876	1766419	0	5474602
marzo-24	0	260362	0	18360	1541790	0	3938238
abril-24	0	178445	0	17172	1556888	0	2518824
mayo-24	0	111171	17052	13284	938984	0	1515591
junio-24	6396916	80885	86815	12960	0	0	6365686
julio-24	2575271	131163	0	13092	0	0	10809249
agosto-24	4271617	155710	65677	13392	0	0	14088536
septiembre-24	1436508	331039	0	9072	1328560	0	16202899
octubre-24	1735940	412880	0	21132	1028059	0	16319372
noviembre-24	2436451	586384	0	20520	1429280	0	16683961
diciembre-24	1601164	626180	0	15375	2430994	0	16003406
