DQ350.000AlfaQprom	Q	Qe	V	:=		DQ350.000alfaPex15	Q	Qe	V	:=		DQ350.000alfaPex50	Q	Qe	V	:=		DQ350.000alfaPex85	Q	Qe	V
1-ene-10	5234960	0	85204600			1-ene-10	5234960	0	85204600			1-ene-10	5234960	0	85204600			1-ene-10	5234960	0	85204600
1-feb-10	4884960	0	79654300			1-feb-10	4884960	0	79654300			1-feb-10	4884960	0	79654300			1-feb-10	4884960	0	79654300
1-mar-10	4534960	0	74879400			1-mar-10	4534960	0	74879400			1-mar-10	4534960	0	74879400			1-mar-10	4534960	0	74879400
1-abr-10	4184960	0	70679400			1-abr-10	4184960	0	70679400			1-abr-10	4184960	0	70679400			1-abr-10	4184960	0	70679400
1-may-10	3834960	0	69833900			1-may-10	3834960	0	69833900			1-may-10	3834960	0	69833900			1-may-10	3834960	0	69833900
1-jun-10	3484960	0	70625100			1-jun-10	3484960	0	70625100			1-jun-10	3484960	0	70625100			1-jun-10	3484960	0	70625100
1-jul-10	3134960	0	71147900			1-jul-10	3134960	0	71147900			1-jul-10	3134960	0	71147900			1-jul-10	3134960	0	71147900
1-ago-10	2784960	0	70299600			1-ago-10	2784960	0	70299600			1-ago-10	2784960	0	70299600			1-ago-10	2784960	0	70299600
1-sept-10	2434960	0	70024200			1-sept-10	2434960	0	70024200			1-sept-10	2434960	0	70024200			1-sept-10	2434960	0	70024200
1-oct-10	2084960	0	68021900			1-oct-10	2084960	0	68021900			1-oct-10	2084960	0	68021900			1-oct-10	2084960	0	68021900
1-nov-10	1734960	0	65446400			1-nov-10	1734960	0	65446400			1-nov-10	1734960	0	65446400			1-nov-10	1734960	0	65446400
1-dic-10	1665420	0	62385300			1-dic-10	1665420	0	62385300			1-dic-10	1665420	0	62385300			1-dic-10	1665420	0	62385300
1-ene-11	2015420	0	58890300			1-ene-11	2015420	0	58890300			1-ene-11	2015420	0	58890300			1-ene-11	2015420	0	58890300
1-feb-11	2365420	0	55673300			1-feb-11	2289640	0	55749000			1-feb-11	2290850	0	55747800			1-feb-11	2290850	0	55747800
1-mar-11	2015420	0	53030500			1-mar-11	1939640	0	53182000			1-mar-11	1940850	0	53179600			1-mar-11	1940850	0	53179600
1-abr-11	1665420	0	50935300			1-abr-11	1589640	0	51162600			1-abr-11	1590850	0	51159000			1-abr-11	1590850	0	51159000
1-may-11	1315420	0	49752100			1-may-11	1239640	0	50055200			1-may-11	1240850	0	50050400			1-may-11	1240850	0	50050400
1-jun-11	965418	0	57261900			1-jun-11	889640	0	57640800			1-jun-11	890848	0	57634700			1-jun-11	890848	0	57634700
1-jul-11	615418	0	61228100			1-jul-11	539640	0	61682800			1-jul-11	540848	0	61675500			1-jul-11	540848	0	61675500
1-ago-11	965418	0	63964000			1-ago-11	889640	0	64494500			1-ago-11	890848	0	64486000			1-ago-11	890848	0	64486000
1-sept-11	1315420	0	64009300			1-sept-11	1239640	0	64615500			1-sept-11	1240850	0	64605800			1-sept-11	1240850	0	64605800
1-oct-11	1665420	0	63834400			1-oct-11	1589640	0	64516400			1-oct-11	1590850	0	64505500			1-oct-11	1590850	0	64505500
1-nov-11	2015420	0	62512000			1-nov-11	1939640	0	63269800			1-nov-11	1940850	0	63257700			1-nov-11	1940850	0	63257700
1-dic-11	2365420	0	60259000			1-dic-11	2289640	0	61092600			1-dic-11	2290850	0	61079300			1-dic-11	2290850	0	61079300
1-ene-12	2715420	0	57244600			1-ene-12	2639640	0	58154000			1-ene-12	2640850	0	58139500			1-ene-12	2640850	0	58139500
1-feb-12	2365420	0	54860300			1-feb-12	2289640	0	55845400			1-feb-12	2290850	0	55829700			1-feb-12	2290850	0	55829700
1-mar-12	2015420	0	53154200			1-mar-12	1939640	0	54215100			1-mar-12	1940850	0	54198200			1-mar-12	1940850	0	54198200
1-abr-12	1665420	0	51776100			1-abr-12	1589640	0	52912800			1-abr-12	1590850	0	52894700			1-abr-12	1590850	0	52894700
1-may-12	1315420	0	52889300			1-may-12	1239640	0	54101700			1-may-12	1240850	0	54082400			1-may-12	1240850	0	54082400
1-jun-12	965418	0	54776900			1-jun-12	889640	0	56065100			1-jun-12	890848	0	56044600			1-jun-12	890848	0	56044600
1-jul-12	615418	0	57028100			1-jul-12	539640	0	58392100			1-jul-12	540848	0	58370300			1-jul-12	540848	0	58370300
1-ago-12	965418	0	58716800			1-ago-12	889640	0	60156600			1-ago-12	890848	0	60133600			1-ago-12	890848	0	60133600
1-sept-12	1315420	0	57900300			1-sept-12	1239640	0	59415900			1-sept-12	1240850	0	59391700			1-sept-12	1240850	0	59391700
1-oct-12	1665420	0	56005100			1-oct-12	1589640	0	57596500			1-oct-12	1590850	0	57571100			1-oct-12	1590850	0	57571100
1-nov-12	2015420	0	54032900			1-nov-12	1939640	0	55700000			1-nov-12	1940850	0	55673400			1-nov-12	1940850	0	55673400
1-dic-12	2365420	0	51516100			1-dic-12	2289640	0	53259000			1-dic-12	2290850	0	53231200			1-dic-12	2290850	0	53231200
1-ene-13	2715420	0	48564600			1-ene-13	2639640	0	50383300			1-ene-13	2640850	0	50354300			1-ene-13	2640850	0	50354300
1-feb-13	2916280	0	45234800			1-feb-13	2989640	0	46980100			1-feb-13	2990850	0	46949900			1-feb-13	2990850	0	46949900
1-mar-13	2566280	0	42330300			1-mar-13	2639640	0	44002300			1-mar-13	2640850	0	43970900			1-mar-13	2640850	0	43970900
1-abr-13	2216280	0	39872000			1-abr-13	2289640	0	41470600			1-abr-13	2290850	0	41438000			1-abr-13	2290850	0	41438000
1-may-13	1866280	0	40722600			1-may-13	1939640	0	42247800			1-may-13	1940850	0	42214000			1-may-13	1940850	0	42214000
1-jun-13	1516280	0	43539000			1-jun-13	1589640	0	44990900			1-jun-13	1590850	0	44955800			1-jun-13	1590850	0	44955800
1-jul-13	1166280	0	45390200			1-jul-13	1239640	0	46768700			1-jul-13	1240850	0	46732500			1-jul-13	1240850	0	46732500
1-ago-13	1516280	0	46495700			1-ago-13	1589640	0	47800900			1-ago-13	1590850	0	47763400			1-ago-13	1590850	0	47763400
1-sept-13	1866280	0	46719000			1-sept-13	1939640	0	47950800			1-sept-13	1940850	0	47912100			1-sept-13	1940850	0	47912100
1-oct-13	2216280	0	44725100			1-oct-13	2289640	0	45883500			1-oct-13	2290850	0	45843600			1-oct-13	2290850	0	45843600
1-nov-13	2566280	0	42691200			1-nov-13	2639640	0	43776300			1-nov-13	2640850	0	43735200			1-nov-13	2640850	0	43735200
1-dic-13	2916280	0	40126600			1-dic-13	2989640	0	41138300			1-dic-13	2990850	0	41096000			1-dic-13	2990850	0	41096000
1-ene-14	3266280	0	37077200			1-ene-14	3339640	0	38015600			1-ene-14	3340850	0	37972000			1-ene-14	3340850	0	37972000
1-feb-14	3616280	0	33599700			1-feb-14	3689640	0	34464700			1-feb-14	3690850	0	34419900			1-feb-14	3690850	0	34419900
1-mar-14	3266280	0	30578900			1-mar-14	3339640	0	31370500			1-mar-14	3340850	0	31324600			1-mar-14	3340850	0	31324600
1-abr-14	2916280	0	28762000			1-abr-14	2989640	0	29480300			1-abr-14	2990850	0	29433100			1-abr-14	2990850	0	29433100
1-may-14	2566280	0	28328700			1-may-14	2639640	0	28973600			1-may-14	2640850	0	28925200			1-may-14	2640850	0	28925200
1-jun-14	2216280	0	28254500			1-jun-14	2289640	0	28826100			1-jun-14	2290850	0	28776500			1-jun-14	2290850	0	28776500
1-jul-14	1866280	0	29582900			1-jul-14	1939640	0	30081100			1-jul-14	1940850	0	30030300			1-jul-14	1940850	0	30030300
1-ago-14	2216280	0	28839400			1-ago-14	2289640	0	29264200			1-ago-14	2290850	0	29212300			1-ago-14	2290850	0	29212300
1-sept-14	2566280	0	27531700			1-sept-14	2639640	0	27883100			1-sept-14	2640850	0	27829900			1-sept-14	2640850	0	27829900
1-oct-14	2916280	0	24837700			1-oct-14	2989640	0	25115800			1-oct-14	2990850	0	25061500			1-oct-14	2990850	0	25061500
1-nov-14	3266280	0	21628800			1-nov-14	3339640	0	21833500			1-nov-14	3340850	0	21777900			1-nov-14	3340850	0	21777900
1-dic-14	3616280	0	17958300			1-dic-14	3689640	0	18089700			1-dic-14	3690850	0	18032900			1-dic-14	3690850	0	18032900
1-ene-15	3966280	0	13879500			1-ene-15	4039640	0	13937500			1-ene-15	4040850	0	13879500			1-ene-15	4040850	0	13879500
1-feb-15	4005380	0	9718550			1-feb-15	4016980	0	9764950			1-feb-15	4005380	0	9718550			1-feb-15	4005380	0	9718550
1-mar-15	3655380	0	7196630			1-mar-15	3666980	0	7231430			1-mar-15	3655380	0	7196630			1-mar-15	3655380	0	7196630
1-abr-15	3305380	0	4529350			1-abr-15	3316980	0	4552560			1-abr-15	3305380	0	4529350			1-abr-15	3305380	0	4529350
1-may-15	2955380	0	2452120			1-may-15	2966980	0	2463720			1-may-15	2955380	0	2452120			1-may-15	2955380	0	2452120
1-jun-15	2605380	0	1.00E+06			1-jun-15	2616980	0	1.00E+06			1-jun-15	2605380	0	1.00E+06			1-jun-15	2605380	0	1.00E+06
1-jul-15	2255380	0	1615510			1-jul-15	2266980	0	1603910			1-jul-15	2255380	0	1615510			1-jul-15	2255380	0	1615510
1-ago-15	2605380	0	6209090			1-ago-15	2616980	0	6185890			1-ago-15	2605380	0	6209090			1-ago-15	2605380	0	6209090
1-sept-15	2955380	0	8815580			1-sept-15	2966980	0	8780780			1-sept-15	2955380	0	8815580			1-sept-15	2955380	0	8815580
1-oct-15	3305380	0	11852700			1-oct-15	3316980	0	11806300			1-oct-15	3305380	0	11852700			1-oct-15	3305380	0	11852700
1-nov-15	3655380	0	15054200			1-nov-15	3666980	0	14996200			1-nov-15	3655380	0	15054200			1-nov-15	3655380	0	15054200
1-dic-15	4005380	0	18261900			1-dic-15	4016980	0	18192300			1-dic-15	4005380	0	18261900			1-dic-15	4005380	0	18261900
1-ene-16	4355380	0	17672800			1-ene-16	4366980	0	17591600			1-ene-16	4355380	0	17672800			1-ene-16	4355380	0	17672800
1-feb-16	4005380	0	16115500			1-feb-16	4016980	0	16022700			1-feb-16	4005380	0	16115500			1-feb-16	4005380	0	16115500
1-mar-16	3655380	0	14699400			1-mar-16	3666980	0	14595000			1-mar-16	3655380	0	14699400			1-mar-16	3655380	0	14699400
1-abr-16	3305380	0	15143100			1-abr-16	3316980	0	15027100			1-abr-16	3305380	0	15143100			1-abr-16	3305380	0	15143100
1-may-16	2955380	0	17471500			1-may-16	2966980	0	17343900			1-may-16	2955380	0	17471500			1-may-16	2955380	0	17471500
1-jun-16	2605380	0	22063400			1-jun-16	2616980	0	21924200			1-jun-16	2605380	0	22063400			1-jun-16	2605380	0	22063400
1-jul-16	2255380	0	26104700			1-jul-16	2266980	0	25953900			1-jul-16	2255380	0	26104700			1-jul-16	2255380	0	26104700
1-ago-16	2605380	0	29143100			1-ago-16	2616980	0	28980700			1-ago-16	2605380	0	29143100			1-ago-16	2605380	0	29143100
1-sept-16	2955380	0	31351500			1-sept-16	2966980	0	31177500			1-sept-16	2955380	0	31351500			1-sept-16	2955380	0	31351500
1-oct-16	3305380	0	34893200			1-oct-16	3316980	0	34707600			1-oct-16	3305380	0	34893200			1-oct-16	3305380	0	34893200
1-nov-16	3655380	0	40826900			1-nov-16	3666980	0	40629700			1-nov-16	3655380	0	40826900			1-nov-16	3655380	0	40826900
1-dic-16	4005380	0	46831400			1-dic-16	4016980	0	46622600			1-dic-16	4005380	0	46831400			1-dic-16	4005380	0	46831400
1-ene-17	4355380	0	49479600			1-ene-17	4366980	0	49259200			1-ene-17	4355380	0	49479600			1-ene-17	4355380	0	49479600
1-feb-17	4005380	0	49520000			1-feb-17	4016980	0	49288000			1-feb-17	4005380	0	49520000			1-feb-17	4005380	0	49520000
1-mar-17	3655380	0	48953300			1-mar-17	3666980	0	48709700			1-mar-17	3655380	0	48953300			1-mar-17	3655380	0	48953300
1-abr-17	3305380	0	49234700			1-abr-17	3316980	0	48979500			1-abr-17	3305380	0	49234700			1-abr-17	3305380	0	49234700
1-may-17	2955380	0	69831500			1-may-17	2966980	0	69564700			1-may-17	2955380	0	69831500			1-may-17	2955380	0	69831500
1-jun-17	2605380	0	80495100			1-jun-17	2616980	0	80216700			1-jun-17	2605380	0	80495100			1-jun-17	2605380	0	80495100
1-jul-17	2255380	0	88076400			1-jul-17	2266980	0	87786400			1-jul-17	2255380	0	88076400			1-jul-17	2255380	0	88076400
1-ago-17	2605380	0	93489200			1-ago-17	2532870	0	93271700			1-ago-17	2605380	0	93489200			1-ago-17	2605380	0	93489200
1-sept-17	2955380	0	96910000			1-sept-17	2882870	0	96765000			1-sept-17	2955380	0	96910000			1-sept-17	2955380	0	96910000
1-oct-17	3305380	0	99089600			1-oct-17	3232870	0	99017100			1-oct-17	3305380	0	99089600			1-oct-17	3305380	0	99089600
1-nov-17	3655380	0	1.00E+08			1-nov-17	3582870	0	1.00E+08			1-nov-17	3655380	0	1.00E+08			1-nov-17	3655380	0	1.00E+08
1-dic-17	4005380	0	99223100			1-dic-17	3932870	0	99295600			1-dic-17	4005380	0	99223100			1-dic-17	4005380	0	99223100
1-ene-18	4355380	0	97047800			1-ene-18	4282870	0	97192800			1-ene-18	4355380	0	97047800			1-ene-18	4355380	0	97047800
1-feb-18	4005380	0	94092100			1-feb-18	3932870	0	94309600			1-feb-18	4005380	0	94092100			1-feb-18	4005380	0	94092100
1-mar-18	3655380	0	91862400			1-mar-18	3582870	0	92152500			1-mar-18	3655380	0	91862400			1-mar-18	3655380	0	91862400
1-abr-18	3305380	0	90941900			1-abr-18	3232870	0	91304400			1-abr-18	3305380	0	90941900			1-abr-18	3305380	0	90941900
1-may-18	2955380	0	91706900			1-may-18	2882870	0	92142000			1-may-18	2955380	0	91706900			1-may-18	2955380	0	91706900
1-jun-18	2605380	0	94310600			1-jun-18	2532870	0	94818100			1-jun-18	2605380	0	94310600			1-jun-18	2605380	0	94310600
1-jul-18	2255380	0	95558700			1-jul-18	2182870	0	96138800			1-jul-18	2255380	0	95558700			1-jul-18	2255380	0	95558700
1-ago-18	1905380	0	95973500			1-ago-18	1832870	0	96626000			1-ago-18	1905380	0	95973500			1-ago-18	1905380	0	95973500
1-sept-18	2255380	0	95011900			1-sept-18	2182870	0	95737000			1-sept-18	2255380	0	95011900			1-sept-18	2255380	0	95011900
1-oct-18	2605380	0	93094900			1-oct-18	2532870	0	93892500			1-oct-18	2605380	0	93094900			1-oct-18	2605380	0	93094900
1-nov-18	2955380	0	90346600			1-nov-18	2882870	0	91216700			1-nov-18	2955380	0	90346600			1-nov-18	2955380	0	90346600
1-dic-18	3305380	0	87048700			1-dic-18	3232870	0	87991300			1-dic-18	3305380	0	87048700			1-dic-18	3305380	0	87048700
1-ene-19	3655380	0	83190900			1-ene-19	3582870	0	84206000			1-ene-19	3655380	0	83190900			1-ene-19	3655380	0	83190900
1-feb-19	3305380	0	79661400			1-feb-19	3232870	0	80749000			1-feb-19	3305380	0	79661400			1-feb-19	3305380	0	79661400
1-mar-19	2955380	0	76881900			1-mar-19	2882870	0	78042100			1-mar-19	2955380	0	76881900			1-mar-19	2955380	0	76881900
1-abr-19	2605380	0	74745700			1-abr-19	2532870	0	75978400			1-abr-19	2605380	0	74745700			1-abr-19	2605380	0	74745700
1-may-19	2255380	0	75314600			1-may-19	2182870	0	76619700			1-may-19	2255380	0	75314600			1-may-19	2255380	0	75314600
1-jun-19	1905380	0	76518800			1-jun-19	1832870	0	77896500			1-jun-19	1905380	0	76518800			1-jun-19	1905380	0	76518800
1-jul-19	1555380	0	77518500			1-jul-19	1482870	0	78968700			1-jul-19	1555380	0	77518500			1-jul-19	1555380	0	77518500
1-ago-19	1205380	0	77935600			1-ago-19	1132870	0	79458300			1-ago-19	1205380	0	77935600			1-ago-19	1205380	0	77935600
1-sept-19	1555380	0	77277200			1-sept-19	1482870	0	78872400			1-sept-19	1555380	0	77277200			1-sept-19	1555380	0	77277200
1-oct-19	1905380	0	75476200			1-oct-19	1832870	0	77143900			1-oct-19	1905380	0	75476200			1-oct-19	1905380	0	75476200
1-nov-19	2255380	0	72867100			1-nov-19	2182870	0	74607300			1-nov-19	2255380	0	72867100			1-nov-19	2255380	0	72867100
1-dic-19	2605380	0	69718000			1-dic-19	2532870	0	71530600			1-dic-19	2605380	0	69718000			1-dic-19	2605380	0	69718000
1-ene-20	2955380	0	66091700			1-ene-20	2882870	0	67976900			1-ene-20	2955380	0	66091700			1-ene-20	2955380	0	66091700
1-feb-20	2605380	0	62794200			1-feb-20	2532870	0	64751900			1-feb-20	2605380	0	62794200			1-feb-20	2605380	0	62794200
1-mar-20	2255380	0	59961900			1-mar-20	2182870	0	61992100			1-mar-20	2255380	0	59961900			1-mar-20	2255380	0	59961900
1-abr-20	1905380	0	57746500			1-abr-20	1832870	0	59849200			1-abr-20	1905380	0	57746500			1-abr-20	1905380	0	57746500
1-may-20	1555380	0	55787200			1-may-20	1482870	0	57962400			1-may-20	1555380	0	55787200			1-may-20	1555380	0	55787200
1-jun-20	1205380	0	56161700			1-jun-20	1132870	0	58409400			1-jun-20	1205380	0	56161700			1-jun-20	1205380	0	56161700
1-jul-20	855379	0	57068100			1-jul-20	782872	0	59388400			1-jul-20	855379	0	57068100			1-jul-20	855379	0	57068100
1-ago-20	713970	0	56948600			1-ago-20	7.00E+05	0	59282800			1-ago-20	713970	0	56948600			1-ago-20	713970	0	56948600
1-sept-20	1063970	0	56027900			1-sept-20	1050000	0	58376100			1-sept-20	1063970	0	56027900			1-sept-20	1063970	0	56027900
1-oct-20	1413970	0	54464400			1-oct-20	1400000	0	56826600			1-oct-20	1413970	0	54464400			1-oct-20	1413970	0	54464400
1-nov-20	1763970	0	52334700			1-nov-20	1750000	0	54710800			1-nov-20	1763970	0	52334700			1-nov-20	1763970	0	52334700
1-dic-20	2113970	0	49611200			1-dic-20	2100000	0	52001200			1-dic-20	2113970	0	49611200			1-dic-20	2113970	0	49611200
1-ene-21	2463970	0	46473200			1-ene-21	2450000	0	48877300			1-ene-21	2463970	0	46473200			1-ene-21	2463970	0	46473200
1-feb-21	2113970	0	43931900			1-feb-21	2100000	0	46349900			1-feb-21	2113970	0	43931900			1-feb-21	2113970	0	43931900
1-mar-21	1763970	0	41791100			1-mar-21	1750000	0	44223100			1-mar-21	1763970	0	41791100			1-mar-21	1763970	0	41791100
1-abr-21	1413970	0	39983000			1-abr-21	1400000	0	42429000			1-abr-21	1413970	0	39983000			1-abr-21	1413970	0	39983000
1-may-21	1063970	0	38459000			1-may-21	1050000	0	40918900			1-may-21	1063970	0	38459000			1-may-21	1063970	0	38459000
1-jun-21	713970	0	37760400			1-jun-21	7.00E+05	0	40234300			1-jun-21	713970	0	37760400			1-jun-21	713970	0	37760400
1-jul-21	363970	0	38005900			1-jul-21	350000	0	40493800			1-jul-21	363970	0	38005900			1-jul-21	363970	0	38005900
1-ago-21	713970	0	37807200			1-ago-21	7.00E+05	0	40309000			1-ago-21	713970	0	37807200			1-ago-21	713970	0	37807200
1-sept-21	1063970	0	36701000			1-sept-21	1050000	0	39216900			1-sept-21	1063970	0	36701000			1-sept-21	1063970	0	36701000
1-oct-21	1413970	0	34888500			1-oct-21	1400000	0	37418300			1-oct-21	1413970	0	34888500			1-oct-21	1413970	0	34888500
1-nov-21	1763970	0	32558000			1-nov-21	1750000	0	35101800			1-nov-21	1763970	0	32558000			1-nov-21	1763970	0	32558000
1-dic-21	2113970	0	29839300			1-dic-21	2100000	0	32397100			1-dic-21	2113970	0	29839300			1-dic-21	2113970	0	29839300
1-ene-22	2463970	0	26774900			1-ene-22	2450000	0	29346600			1-ene-22	2463970	0	26774900			1-ene-22	2463970	0	26774900
1-feb-22	2113970	0	24233700			1-feb-22	2100000	0	26819300			1-feb-22	2113970	0	24233700			1-feb-22	2113970	0	24233700
1-mar-22	1763970	0	22069600			1-mar-22	1750000	0	24669200			1-mar-22	1763970	0	22069600			1-mar-22	1763970	0	22069600
1-abr-22	1413970	0	20438300			1-abr-22	1400000	0	23051900			1-abr-22	1413970	0	20438300			1-abr-22	1413970	0	20438300
1-may-22	1063970	0	19249100			1-may-22	1050000	0	21876700			1-may-22	1063970	0	19249100			1-may-22	1063970	0	19249100
1-jun-22	713970	0	18500500			1-jun-22	7.00E+05	0	21142100			1-jun-22	713970	0	18500500			1-jun-22	713970	0	18500500
1-jul-22	363970	0	26273700			1-jul-22	350000	0	28929300			1-jul-22	363970	0	26273700			1-jul-22	363970	0	26273700
1-ago-22	713970	0	27032500			1-ago-22	7.00E+05	0	29702000			1-ago-22	713970	0	27032500			1-ago-22	713970	0	27032500
1-sept-22	1063970	0	26476600			1-sept-22	1050000	0	29160100			1-sept-22	1063970	0	26476600			1-sept-22	1063970	0	26476600
1-oct-22	1413970	0	25473000			1-oct-22	1400000	0	28170500			1-oct-22	1413970	0	25473000			1-oct-22	1413970	0	25473000
1-nov-22	1763970	0	23798300			1-nov-22	1750000	0	26509700			1-nov-22	1763970	0	23798300			1-nov-22	1763970	0	23798300
1-dic-22	2113970	0	21612600			1-dic-22	2100000	0	24338000			1-dic-22	2113970	0	21612600			1-dic-22	2113970	0	21612600
1-ene-23	2463970	0	19018800			1-ene-23	2450000	0	21758200			1-ene-23	2463970	0	19018800			1-ene-23	2463970	0	19018800
1-feb-23	2113970	0	16759400			1-feb-23	2100000	0	19512700			1-feb-23	2113970	0	16759400			1-feb-23	2113970	0	16759400
1-mar-23	1763970	0	15005500			1-mar-23	1750000	0	17772800			1-mar-23	1763970	0	15005500			1-mar-23	1763970	0	15005500
1-abr-23	1413970	0	13460600			1-abr-23	1400000	0	16241800			1-abr-23	1413970	0	13460600			1-abr-23	1413970	0	13460600
1-may-23	1063970	0	12997600			1-may-23	1050000	0	15792800			1-may-23	1063970	0	12997600			1-may-23	1063970	0	12997600
1-jun-23	713970	0	13490800			1-jun-23	7.00E+05	0	16300000			1-jun-23	713970	0	13490800			1-jun-23	713970	0	13490800
1-jul-23	363970	0	14554500			1-jul-23	350000	0	17377700			1-jul-23	363970	0	14554500			1-jul-23	363970	0	14554500
1-ago-23	350000	0	15142300			1-ago-23	7.00E+05	0	17615500			1-ago-23	350000	0	15142300			1-ago-23	350000	0	15142300
1-sept-23	7.00E+05	0	14895100			1-sept-23	1050000	0	17018300			1-sept-23	7.00E+05	0	14895100			1-sept-23	7.00E+05	0	14895100
1-oct-23	1050000	0	14011000			1-oct-23	1400000	0	15784200			1-oct-23	1050000	0	14011000			1-oct-23	1050000	0	14011000
1-nov-23	1400000	0	12203200			1-nov-23	1750000	0	13626400			1-nov-23	1400000	0	12203200			1-nov-23	1400000	0	12203200
1-dic-23	1750000	0	9996060			1-dic-23	2100000	0	11069200			1-dic-23	1750000	0	9996060			1-dic-23	1750000	0	9996060
1-ene-24	2100000	0	7479750			1-ene-24	2450000	0	8202920			1-ene-24	2100000	0	7479750			1-ene-24	2100000	0	7479750
1-feb-24	1750000	0	5408570			1-feb-24	2100000	0	5781740			1-feb-24	1750000	0	5408570			1-feb-24	1750000	0	5408570
1-mar-24	1400000	0	3729850			1-mar-24	1750000	0	3753020			1-mar-24	1400000	0	3729850			1-mar-24	1400000	0	3729850
1-abr-24	1050000	0	2484230			1-abr-24	1400000	0	2157400			1-abr-24	1050000	0	2484230			1-abr-24	1050000	0	2484230
1-may-24	7.00E+05	0	1676830			1-may-24	1050000	0	1.00E+06			1-may-24	7.00E+05	0	1676830			1-may-24	7.00E+05	0	1676830
1-jun-24	350000	0	7716720			1-jun-24	7.00E+05	0	6689890			1-jun-24	350000	0	7716720			1-jun-24	350000	0	7716720
1-jul-24	0	0	10147700			1-jul-24	350000	0	8770900			1-jul-24	0	0	10147700			1-jul-24	0	0	10147700
1-ago-24	0	0	14315900			1-ago-24	0	0	12939100			1-ago-24	0	0	14315900			1-ago-24	0	0	14315900
1-sept-24	350000	0	15062300			1-sept-24	5792.25	0	14029700			1-sept-24	350000	0	15062300			1-sept-24	350000	0	15062300
1-oct-24	7.00E+05	0	15664200			1-oct-24	355792	0	14975800			1-oct-24	7.00E+05	0	15664200			1-oct-24	7.00E+05	0	15664200
1-nov-24	1050000	0	16443800			1-nov-24	705792	0	16099600			1-nov-24	1050000	0	16443800			1-nov-24	1050000	0	16443800
1-dic-24	1400000	0	16003400			1-dic-24	1055790	0	16003400			1-dic-24	1400000	0	16003400			1-dic-24	1400000	0	16003400
																					
																					
beneficio=38062700		           		beneficio=37376500				         beneficio=38512400				        beneficio=38930600	
																					
																					
																					
																					
																					
																					
																					
DQ1.000.000AlfaQprom	Q	Qe	V	:=		DQ1.000.000AlfaPex15	Q	Qe	V	:=		DQ1.000.000AlfaPex50	Q	Qe	V	:=		DQ1.000.000AlfaPex85	Q	Qe	V
1-ene-10	5234960	0	85204600			1-ene-10	5234960	0	85204600			1-ene-10	5234960	0	85204600			1-ene-10	5234960	0	85204600
1-feb-10	5.00E+06	0	79539300			1-feb-10	5.00E+06	0	79539300			1-feb-10	5.00E+06	0	79539300			1-feb-10	4234960	0	80304300
1-mar-10	4.00E+06	0	75299300			1-mar-10	4.00E+06	0	75299300			1-mar-10	4.00E+06	0	75299300			1-mar-10	3234960	0	76829400
1-abr-10	3.00E+06	0	72284300			1-abr-10	3.00E+06	0	72284300			1-abr-10	3.00E+06	0	72284300			1-abr-10	2234960	0	74579400
1-may-10	2.00E+06	0	73273800			1-may-10	2.00E+06	0	73273800			1-may-10	2.00E+06	0	73273800			1-may-10	1234960	0	76333900
1-jun-10	1.00E+06	0	76549900			1-jun-10	1.00E+06	0	76549900			1-jun-10	1.00E+06	0	76549900			1-jun-10	234962	0	80375100
1-jul-10	0	0	80207700			1-jul-10	0	0	80207700			1-jul-10	0	0	80207700			1-jul-10	0	0	84032900
1-ago-10	0	0	82144400			1-ago-10	0	0	82144400			1-ago-10	0	0	82144400			1-ago-10	714814	0	85254700
1-sept-10	1.00E+06	0	83303900			1-sept-10	1.00E+06	0	83303900			1-sept-10	1.00E+06	0	83303900			1-sept-10	1714810	0	85699500
1-oct-10	2.00E+06	0	81386600			1-oct-10	2.00E+06	0	81386600			1-oct-10	2.00E+06	0	81386600			1-oct-10	2714810	0	83067300
1-nov-10	3.00E+06	0	77546000			1-nov-10	3.00E+06	0	77546000			1-nov-10	3.00E+06	0	77546000			1-nov-10	3714810	0	78512000
1-dic-10	4.00E+06	0	72150400			1-dic-10	4.00E+06	0	72150400			1-dic-10	4.00E+06	0	72150400			1-dic-10	4714810	0	72401500
1-ene-11	5.00E+06	0	65670800			1-ene-11	5.00E+06	0	65670800			1-ene-11	5.00E+06	0	65670800			1-ene-11	5714810	0	65207100
1-feb-11	4802700	0	60016400			1-feb-11	4.00E+06	0	60819100			1-feb-11	5.00E+06	0	59819100			1-feb-11	4714810	0	59640600
1-mar-11	3802700	0	55586400			1-mar-11	3.00E+06	0	57191800			1-mar-11	4.00E+06	0	55191800			1-mar-11	3714810	0	55298500
1-abr-11	2802700	0	52353900			1-abr-11	2.00E+06	0	54762000			1-abr-11	3.00E+06	0	51762000			1-abr-11	2714810	0	52153900
1-may-11	1802700	0	50683400			1-may-11	1.00E+06	0	53894200			1-may-11	2.00E+06	0	49894200			1-may-11	1714810	0	50571300
1-jun-11	802701	0	58355900			1-jun-11	0	0	62369400			1-jun-11	1.00E+06	0	57369400			1-jun-11	714814	0	58331700
1-jul-11	0	0	62937600			1-jul-11	0	0	66951100			1-jul-11	0	0	61951100			1-jul-11	0	0	62913300
1-ago-11	0	0	66638900			1-ago-11	0	0	70652400			1-ago-11	0	0	65652400			1-ago-11	0	0	66614600
1-sept-11	1.00E+06	0	66999600			1-sept-11	1.00E+06	0	71013100			1-sept-11	1.00E+06	0	66013100			1-sept-11	1.00E+06	0	66975300
1-oct-11	2.00E+06	0	66490100			1-oct-11	2.00E+06	0	70503600			1-oct-11	2.00E+06	0	65503600			1-oct-11	2.00E+06	0	66465900
1-nov-11	3.00E+06	0	64183100			1-nov-11	3.00E+06	0	68196600			1-nov-11	3.00E+06	0	63196600			1-nov-11	3.00E+06	0	64158900
1-dic-11	4.00E+06	0	60295500			1-dic-11	4.00E+06	0	64309000			1-dic-11	4.00E+06	0	59309000			1-dic-11	4.00E+06	0	60271300
1-ene-12	5.00E+06	0	54996600			1-ene-12	5.00E+06	0	59010100			1-ene-12	5.00E+06	0	54010100			1-ene-12	5.00E+06	0	54972400
1-feb-12	4.00E+06	0	50977600			1-feb-12	4.65E+06	0	54342000			1-feb-12	4.00E+06	0	49991100			1-feb-12	4.00E+06	0	50953400
1-mar-12	3.00E+06	0	48287000			1-mar-12	3.65E+06	0	51002200			1-mar-12	3.00E+06	0	47300500			1-mar-12	3.00E+06	0	48262700
1-abr-12	2.00E+06	0	46574300			1-abr-12	2.65E+06	0	48640400			1-abr-12	2.00E+06	0	45587900			1-abr-12	2.00E+06	0	46550100
1-may-12	1.00E+06	0	48002900			1-may-12	1.65E+06	0	49419900			1-may-12	1.00E+06	0	47016400			1-may-12	1.00E+06	0	47978700
1-jun-12	0	0	50855900			1-jun-12	649139	0	51623800			1-jun-12	0	0	49869500			1-jun-12	0	0	50831700
1-jul-12	0	0	53722500			1-jul-12	0	0	54490400			1-jul-12	0	0	52736000			1-jul-12	0	0	53698300
1-ago-12	0	0	56376700			1-ago-12	0	0	57144500			1-ago-12	0	0	55390200			1-ago-12	0	0	56352400
1-sept-12	1.00E+06	0	55875600			1-sept-12	1.00E+06	0	56643400			1-sept-12	1.00E+06	0	54889100			1-sept-12	1.00E+06	0	55851300
1-oct-12	2.00E+06	0	53645800			1-oct-12	2.00E+06	0	54413700			1-oct-12	2.00E+06	0	52659400			1-oct-12	2.00E+06	0	53621600
1-nov-12	3.00E+06	0	50689000			1-nov-12	3.00E+06	0	51456800			1-nov-12	3.00E+06	0	49702500			1-nov-12	3.00E+06	0	50664700
1-dic-12	4.00E+06	0	46537700			1-dic-12	4.00E+06	0	47305500			1-dic-12	4.00E+06	0	45551200			1-dic-12	4.00E+06	0	46513400
1-ene-13	5.00E+06	0	41301600			1-ene-13	5.00E+06	0	42069400			1-ene-13	5.00E+06	0	40315100			1-ene-13	5.00E+06	0	41277300
1-feb-13	4.00E+06	0	36888000			1-feb-13	4.00E+06	0	37655800			1-feb-13	4.00E+06	0	35901500			1-feb-13	4.00E+06	0	36863800
1-mar-13	3.00E+06	0	33549900			1-mar-13	3.00E+06	0	34317700			1-mar-13	3.00E+06	0	32563400			1-mar-13	3.00E+06	0	33525600
1-abr-13	2.00E+06	0	31307800			1-abr-13	2.00E+06	0	32075600			1-abr-13	2.00E+06	0	30321300			1-abr-13	2.00E+06	0	31283500
1-may-13	1.00E+06	0	33024700			1-may-13	1.00E+06	0	33792500			1-may-13	1.00E+06	0	32038200			1-may-13	1.00E+06	0	33000400
1-jun-13	0	0	37357400			1-jun-13	0	0	38125200			1-jun-13	0	0	36370900			1-jun-13	0	0	37333100
1-jul-13	0	0	40374900			1-jul-13	0	0	41142700			1-jul-13	0	0	39388400			1-jul-13	0	0	40350600
1-ago-13	0	0	42996600			1-ago-13	0	0	43764400			1-ago-13	0	0	42010100			1-ago-13	0	0	42972400
1-sept-13	1.00E+06	0	44086200			1-sept-13	1.00E+06	0	44854000			1-sept-13	1.00E+06	0	43099700			1-sept-13	1.00E+06	0	44062000
1-oct-13	2.00E+06	0	42308600			1-oct-13	2.00E+06	0	43076400			1-oct-13	2.00E+06	0	41322100			1-oct-13	2.00E+06	0	42284300
1-nov-13	3.00E+06	0	39841000			1-nov-13	3.00E+06	0	40608800			1-nov-13	3.00E+06	0	38854500			1-nov-13	3.00E+06	0	39816700
1-dic-13	4.00E+06	0	36192700			1-dic-13	4.00E+06	0	36960500			1-dic-13	4.00E+06	0	35206200			1-dic-13	4.00E+06	0	36168400
1-ene-14	5.00E+06	0	31409500			1-ene-14	5.00E+06	0	32177300			1-ene-14	5.00E+06	0	30423000			1-ene-14	5.00E+06	0	31385300
1-feb-14	5.00E+06	0	26548300			1-feb-14	5.00E+06	0	27316100			1-feb-14	4802700	0	25759100			1-feb-14	4.00E+06	0	27524000
1-mar-14	4.00E+06	0	22793800			1-mar-14	4.00E+06	0	23561600			1-mar-14	3802700	0	22201900			1-mar-14	3.00E+06	0	24769500
1-abr-14	3.00E+06	0	20893200			1-abr-14	3.00E+06	0	21661000			1-abr-14	2802700	0	20498600			1-abr-14	2.00E+06	0	23868900
1-may-14	2.00E+06	0	21026100			1-may-14	2.00E+06	0	21793900			1-may-14	1802700	0	20828800			1-may-14	1.00E+06	0	25001900
1-jun-14	1.00E+06	0	22168200			1-jun-14	1.00E+06	0	22936100			1-jun-14	802701	0	22168200			1-jun-14	0	0	27144000
1-jul-14	0	0	25362900			1-jul-14	0	0	26130700			1-jul-14	0	0	25362900			1-jul-14	0	0	30338600
1-ago-14	0	0	26835700			1-ago-14	0	0	27603500			1-ago-14	0	0	26835700			1-ago-14	967704	0	30843700
1-sept-14	1.00E+06	0	27094200			1-sept-14	1.00E+06	0	27862000			1-sept-14	1.00E+06	0	27094200			1-sept-14	1967700	0	30134500
1-oct-14	2.00E+06	0	25316600			1-oct-14	2.00E+06	0	26084400			1-oct-14	2.00E+06	0	25316600			1-oct-14	2967700	0	27389200
1-nov-14	3.00E+06	0	22373900			1-nov-14	3.00E+06	0	23141700			1-nov-14	3.00E+06	0	22373900			1-nov-14	3967700	0	23478800
1-dic-14	4.00E+06	0	18319700			1-dic-14	4.00E+06	0	19087500			1-dic-14	4.00E+06	0	18319700			1-dic-14	4967700	0	18456900
1-ene-15	5.00E+06	0	13207200			1-ene-15	5.00E+06	0	13975000			1-ene-15	5.00E+06	0	13207200			1-ene-15	5967700	0	12376700
1-feb-15	5170910	0	7880680			1-feb-15	5324470	0	8494930			1-feb-15	5170910	0	7880680			1-feb-15	4967700	0	7253400
1-mar-15	4170910	0	4843220			1-mar-15	4324470	0	5303910			1-mar-15	4170910	0	4843220			1-mar-15	3967700	0	4419150
1-abr-15	3170910	0	2310420			1-abr-15	3324470	0	2617540			1-abr-15	3170910	0	2310420			1-abr-15	2967700	0	2089560
1-may-15	2170910	0	1017650			1-may-15	2324470	0	1171220			1-may-15	2170910	0	1017650			1-may-15	1967700	0	1.00E+06
1-jun-15	1170910	0	1.00E+06			1-jun-15	1324470	0	1.00E+06			1-jun-15	1170910	0	1.00E+06			1-jun-15	967704	0	1185550
1-jul-15	690908	0	3179980			1-jul-15	562939	0	3307950			1-jul-15	690908	0	3179980			1-jul-15	698963	0	3357480
1-ago-15	1690910	0	8688030			1-ago-15	1562940	0	8943970			1-ago-15	1690910	0	8688030			1-ago-15	1698960	0	8857470
1-sept-15	2690910	0	11559000			1-sept-15	2562940	0	11942900			1-sept-15	2690910	0	11559000			1-sept-15	2698960	0	11720400
1-oct-15	3690910	0	14210600			1-oct-15	3562940	0	14722500			1-oct-15	3690910	0	14210600			1-oct-15	3698960	0	14363900
1-nov-15	4690910	0	16376500			1-nov-15	4562940	0	17016400			1-nov-15	4690910	0	16376500			1-nov-15	4698960	0	16521800
1-dic-15	5690910	0	17898700			1-dic-15	5562940	0	18666500			1-dic-15	5690910	0	17898700			1-dic-15	5698960	0	18035900
1-ene-16	6690910	0	14974100			1-ene-16	6562940	0	15869900			1-ene-16	6690910	0	14974100			1-ene-16	6333330	0	15468900
1-feb-16	5690910	0	11731300			1-feb-16	5562940	0	12755100			1-feb-16	5690910	0	11731300			1-feb-16	5333330	0	12583700
1-mar-16	4690910	0	9279610			1-mar-16	4562940	0	10431300			1-mar-16	4690910	0	9279610			1-mar-16	4333330	0	10489500
1-abr-16	3690910	0	9337830			1-abr-16	3562940	0	10617500			1-abr-16	3690910	0	9337830			1-abr-16	3333330	0	10905300
1-may-16	2690910	0	11930700			1-may-16	2562940	0	13338400			1-may-16	2690910	0	11930700			1-may-16	2333330	0	13855800
1-jun-16	1690910	0	17437000			1-jun-16	1562940	0	18972700			1-jun-16	1690910	0	17437000			1-jun-16	1333330	0	19719700
1-jul-16	690908	0	23042900			1-jul-16	562939	0	24706500			1-jul-16	690908	0	23042900			1-jul-16	333333	0	25683100
1-ago-16	832729	0	27853900			1-ago-16	1011890	0	29338300			1-ago-16	832729	0	27853900			1-ago-16	1333330	0	29993500
1-sept-16	1832730	0	31184900			1-sept-16	2011890	0	32490200			1-sept-16	1832730	0	31184900			1-sept-16	2333330	0	32823900
1-oct-16	2832730	0	35199300			1-oct-16	3011890	0	36325400			1-oct-16	2832730	0	35199300			1-oct-16	3333330	0	36337700
1-nov-16	3832730	0	40955700			1-nov-16	4011890	0	41902600			1-nov-16	3832730	0	40955700			1-nov-16	4333330	0	41593500
1-dic-16	4832730	0	46132800			1-dic-16	5011890	0	46900600			1-dic-16	4832730	0	46132800			1-dic-16	5333330	0	46270000
1-ene-17	5832730	0	47303600			1-ene-17	6011890	0	47892300			1-ene-17	5832730	0	47303600			1-ene-17	6333330	0	46940200
1-feb-17	5661660	0	45687800			1-feb-17	6271650	0	45666400			1-feb-17	5661660	0	45687800			1-feb-17	5692580	0	45293500
1-mar-17	4661660	0	44114800			1-mar-17	5271650	0	43483400			1-mar-17	4661660	0	44114800			1-mar-17	4692580	0	43689500
1-abr-17	3661660	0	44039900			1-abr-17	4271650	0	42798600			1-abr-17	3661660	0	44039900			1-abr-17	3692580	0	43583800
1-may-17	2661660	0	64930400			1-may-17	3271650	0	63079100			1-may-17	2661660	0	64930400			1-may-17	2692580	0	64443400
1-jun-17	1661660	0	76537700			1-jun-17	2271650	0	74076500			1-jun-17	1661660	0	76537700			1-jun-17	1692580	0	76019800
1-jul-17	661662	0	85712800			1-jul-17	1271650	0	82641500			1-jul-17	661662	0	85712800			1-jul-17	692578	0	85163900
1-ago-17	1039460	0	92691500			1-ago-17	271647	0	90388100			1-ago-17	1039460	0	92691500			1-ago-17	902239	0	92279800
1-sept-17	2039460	0	97028200			1-sept-17	1271650	0	95492600			1-sept-17	2039460	0	97028200			1-sept-17	1902240	0	96753800
1-oct-17	3039460	0	99473700			1-oct-17	2271650	0	98705900			1-oct-17	3039460	0	99473700			1-oct-17	2902240	0	99336500
1-nov-17	4039460	0	1.00E+08			1-nov-17	3271650	0	1.00E+08			1-nov-17	4039460	0	1.00E+08			1-nov-17	3902240	0	1.00E+08
1-dic-17	5039460	0	98189000			1-dic-17	4271650	0	98956800			1-dic-17	5039460	0	98189000			1-dic-17	4902240	0	98326200
1-ene-18	6039460	0	94329600			1-ene-18	5271650	0	95865200			1-ene-18	6039460	0	94329600			1-ene-18	5902240	0	94604100
1-feb-18	5039460	0	90339800			1-feb-18	5295400	0	91619500			1-feb-18	5039460	0	90339800			1-feb-18	4902240	0	90751500
1-mar-18	4039460	0	87726100			1-mar-18	4295400	0	88749900			1-mar-18	4039460	0	87726100			1-mar-18	3902240	0	88275000
1-abr-18	3039460	0	87071500			1-abr-18	3295400	0	87839300			1-abr-18	3039460	0	87071500			1-abr-18	2902240	0	87757600
1-may-18	2039460	0	88752400			1-may-18	2295400	0	89264300			1-may-18	2039460	0	88752400			1-may-18	1902240	0	89575800
1-jun-18	1039460	0	92922000			1-jun-18	1295400	0	93178000			1-jun-18	1039460	0	92922000			1-jun-18	902239	0	93882600
1-jul-18	39459.4	0	96386100			1-jul-18	295397	0	96386100			1-jul-18	39459.4	0	96386100			1-jul-18	0	0	97386100
1-ago-18	0	0	98706200			1-ago-18	0	0	98706200			1-ago-18	0	0	98706200			1-ago-18	0	0	99706200
1-sept-18	0	0	1.00E+08			1-sept-18	0	0	1.00E+08			1-sept-18	0	0	1.00E+08			1-sept-18	1.00E+06	0	1.00E+08
1-oct-18	1.00E+06	0	99688400			1-oct-18	1.00E+06	0	99688400			1-oct-18	696554	0	99991800			1-oct-18	2.00E+06	0	98688400
1-nov-18	2.00E+06	0	97895500			1-nov-18	2.00E+06	0	97895500			1-nov-18	1696550	0	98502400			1-nov-18	3.00E+06	0	95895500
1-dic-18	3.00E+06	0	94902900			1-dic-18	3.00E+06	0	94902900			1-dic-18	2696550	0	95813300			1-dic-18	4.00E+06	0	91902900
1-ene-19	4.00E+06	0	90700500			1-ene-19	4.00E+06	0	90700500			1-ene-19	3696550	0	91914300			1-ene-19	5.00E+06	0	86700500
1-feb-19	4.00E+06	0	86476400			1-feb-19	4.00E+06	0	86476400			1-feb-19	4.00E+06	0	87690200			1-feb-19	4.00E+06	0	82476400
1-mar-19	3.00E+06	0	83652300			1-mar-19	3.00E+06	0	83652300			1-mar-19	3.00E+06	0	84866100			1-mar-19	3.00E+06	0	79652300
1-abr-19	2.00E+06	0	82121500			1-abr-19	2.00E+06	0	82121500			1-abr-19	2.00E+06	0	83335300			1-abr-19	2.00E+06	0	78121500
1-may-19	1.00E+06	0	83945700			1-may-19	1.00E+06	0	83945700			1-may-19	1.00E+06	0	85159500			1-may-19	1.00E+06	0	79945700
1-jun-19	0	0	87055400			1-jun-19	0	0	87055400			1-jun-19	0	0	88269100			1-jun-19	0	0	83055400
1-jul-19	0	0	89610400			1-jul-19	0	0	89610400			1-jul-19	0	0	90824200			1-jul-19	0	0	85610400
1-ago-19	0	0	91232900			1-ago-19	0	0	91232900			1-ago-19	0	0	92446700			1-ago-19	0	0	87232900
1-sept-19	0	0	92129900			1-sept-19	0	0	92129900			1-sept-19	0	0	93343700			1-sept-19	1.00E+06	0	87129900
1-oct-19	1.00E+06	0	91234300			1-oct-19	1.00E+06	0	91234300			1-oct-19	1.00E+06	0	92448000			1-oct-19	2.00E+06	0	85234300
1-nov-19	2.00E+06	0	88880500			1-nov-19	2.00E+06	0	88880500			1-nov-19	2.00E+06	0	90094300			1-nov-19	3.00E+06	0	81880500
1-dic-19	3.00E+06	0	85336800			1-dic-19	3.00E+06	0	85336800			1-dic-19	3.00E+06	0	86550500			1-dic-19	4.00E+06	0	77336800
1-ene-20	4.00E+06	0	80665900			1-ene-20	4.00E+06	0	80665900			1-ene-20	4.00E+06	0	81879600			1-ene-20	5.00E+06	0	71665900
1-feb-20	4.00E+06	0	75973800			1-feb-20	4.00E+06	0	75973800			1-feb-20	4.00E+06	0	77187600			1-feb-20	4.00E+06	0	66973800
1-mar-20	3.00E+06	0	72396900			1-mar-20	3.00E+06	0	72396900			1-mar-20	3.00E+06	0	73610700			1-mar-20	3.00E+06	0	63396900
1-abr-20	2.00E+06	0	70086800			1-abr-20	2.00E+06	0	70086800			1-abr-20	2.00E+06	0	71300600			1-abr-20	2.00E+06	0	61086800
1-may-20	1.00E+06	0	68682900			1-may-20	1.00E+06	0	68682900			1-may-20	1.00E+06	0	69896700			1-may-20	1.00E+06	0	59682900
1-jun-20	0	0	70262700			1-jun-20	0	0	70262700			1-jun-20	0	0	71476500			1-jun-20	0	0	61262700
1-jul-20	0	0	72024600			1-jul-20	0	0	72024600			1-jul-20	0	0	73238400			1-jul-20	0	0	63024600
1-ago-20	0	0	72619000			1-ago-20	0	0	72619000			1-ago-20	0	0	73832800			1-ago-20	0	0	63619000
1-sept-20	0	0	72762300			1-sept-20	0	0	72762300			1-sept-20	0	0	73976100			1-sept-20	642913	0	63119400
1-oct-20	1.00E+06	0	71612800			1-oct-20	1.00E+06	0	71612800			1-oct-20	1.00E+06	0	72826600			1-oct-20	1642910	0	61327000
1-nov-20	2.00E+06	0	69247100			1-nov-20	2.00E+06	0	69247100			1-nov-20	2.00E+06	0	70460800			1-nov-20	2642910	0	58318300
1-dic-20	3.00E+06	0	65637500			1-dic-20	3.00E+06	0	65637500			1-dic-20	3.00E+06	0	66851200			1-dic-20	3642910	0	54065800
1-ene-21	4.00E+06	0	60963500			1-ene-21	4.00E+06	0	60963500			1-ene-21	4.00E+06	0	62177300			1-ene-21	4642910	0	48748900
1-feb-21	4.00E+06	0	56536200			1-feb-21	4.00E+06	0	56536200			1-feb-21	4.00E+06	0	57749900			1-feb-21	3642910	0	44678700
1-mar-21	3.00E+06	0	53159300			1-mar-21	3.00E+06	0	53159300			1-mar-21	3.00E+06	0	54373100			1-mar-21	2642910	0	41659000
1-abr-21	2.00E+06	0	50765200			1-abr-21	2.00E+06	0	50765200			1-abr-21	2.00E+06	0	51979000			1-abr-21	1642910	0	39621900
1-may-21	1.00E+06	0	49305100			1-may-21	1.00E+06	0	49305100			1-may-21	1.00E+06	0	50518900			1-may-21	642913	0	38518900
1-jun-21	0	0	49320600			1-jun-21	0	0	49320600			1-jun-21	0	0	50534300			1-jun-21	0	0	38534300
1-jul-21	0	0	49930000			1-jul-21	0	0	49930000			1-jul-21	0	0	51143800			1-jul-21	0	0	39143800
1-ago-21	0	0	50445200			1-ago-21	0	0	50445200			1-ago-21	0	0	51659000			1-ago-21	0	0	39659000
1-sept-21	0	0	50403100			1-sept-21	0	0	50403100			1-sept-21	0	0	51616900			1-sept-21	0	0	39616900
1-oct-21	1.00E+06	0	49004500			1-oct-21	1.00E+06	0	49004500			1-oct-21	1.00E+06	0	50218300			1-oct-21	1.00E+06	0	38218300
1-nov-21	2.00E+06	0	46438000			1-nov-21	2.00E+06	0	46438000			1-nov-21	2.00E+06	0	47651800			1-nov-21	2.00E+06	0	35651800
1-dic-21	3.00E+06	0	42833300			1-dic-21	3.00E+06	0	42833300			1-dic-21	3.00E+06	0	44047100			1-dic-21	3.00E+06	0	32047100
1-ene-22	4.00E+06	0	38232900			1-ene-22	4.00E+06	0	38232900			1-ene-22	4.00E+06	0	39446600			1-ene-22	4.00E+06	0	27446600
1-feb-22	4.00E+06	0	33805500			1-feb-22	4.00E+06	0	33805500			1-feb-22	4.00E+06	0	35019300			1-feb-22	3.00E+06	0	24019300
1-mar-22	3.00E+06	0	30405400			1-mar-22	3.00E+06	0	30405400			1-mar-22	3.00E+06	0	31619200			1-mar-22	2.00E+06	0	21619200
1-abr-22	2.00E+06	0	28188100			1-abr-22	2.00E+06	0	28188100			1-abr-22	2.00E+06	0	29401900			1-abr-22	1.00E+06	0	20401900
1-may-22	1.00E+06	0	27062900			1-may-22	1.00E+06	0	27062900			1-may-22	1.00E+06	0	28276700			1-may-22	0	0	20276700
1-jun-22	0	0	27028300			1-jun-22	0	0	27028300			1-jun-22	0	0	28242100			1-jun-22	0	0	20242100
1-jul-22	0	0	35165500			1-jul-22	0	0	35165500			1-jul-22	0	0	36379300			1-jul-22	0	0	28379300
1-ago-22	0	0	36638200			1-ago-22	0	0	36638200			1-ago-22	0	0	37852000			1-ago-22	0	0	29852000
1-sept-22	0	0	37146300			1-sept-22	0	0	37146300			1-sept-22	0	0	38360100			1-sept-22	0	0	30360100
1-oct-22	1.00E+06	0	36556700			1-oct-22	6.97E+05	0	36860100			1-oct-22	1.00E+06	0	37770500			1-oct-22	1.00E+06	0	29770500
1-nov-22	2.00E+06	0	34645900			1-nov-22	1.70E+06	0	35252800			1-nov-22	2.00E+06	0	35859700			1-nov-22	2.00E+06	0	27859700
1-dic-22	3.00E+06	0	31574200			1-dic-22	2.70E+06	0	32484500			1-dic-22	3.00E+06	0	32788000			1-dic-22	3.00E+06	0	24788000
1-ene-23	4.00E+06	0	27444400			1-ene-23	3.70E+06	0	28658200			1-ene-23	4.00E+06	0	28658200			1-ene-23	4.00E+06	0	20658200
1-feb-23	4.00E+06	0	23299000			1-feb-23	4.00E+06	0	24512700			1-feb-23	4.00E+06	0	24512700			1-feb-23	3.00E+06	0	17512700
1-mar-23	3.00E+06	0	20309000			1-mar-23	3.00E+06	0	21522800			1-mar-23	3.00E+06	0	21522800			1-mar-23	2.00E+06	0	15522800
1-abr-23	2.00E+06	0	18178000			1-abr-23	2.00E+06	0	19391800			1-abr-23	2.00E+06	0	19391800			1-abr-23	1.00E+06	0	14391800
1-may-23	1.00E+06	0	17779100			1-may-23	1.00E+06	0	18992800			1-may-23	1.00E+06	0	18992800			1-may-23	0	0	14992800
1-jun-23	0	0	18986200			1-jun-23	0	0	20200000			1-jun-23	0	0	20200000			1-jun-23	0	0	16200000
1-jul-23	0	0	20413900			1-jul-23	0	0	21627700			1-jul-23	0	0	21627700			1-jul-23	0	0	17627700
1-ago-23	0	0	21351700			1-ago-23	0	0	22565500			1-ago-23	0	0	22565500			1-ago-23	0	0	18565500
1-sept-23	0	0	21804500			1-sept-23	0	0	23018300			1-sept-23	0	0	23018300			1-sept-23	0	0	19018300
1-oct-23	696554	0	21273800			1-oct-23	1.00E+06	0	22184200			1-oct-23	1.00E+06	0	22184200			1-oct-23	1.00E+06	0	18184200
1-nov-23	1696550	0	19169500			1-nov-23	2.00E+06	0	19776400			1-nov-23	2.00E+06	0	19776400			1-nov-23	2.00E+06	0	15776400
1-dic-23	2696550	0	16015800			1-dic-23	3.00E+06	0	16319200			1-dic-23	3.00E+06	0	16319200			1-dic-23	3.00E+06	0	12319200
1-ene-24	3696550	0	11902900			1-ene-24	4.00E+06	0	11902900			1-ene-24	4.00E+06	0	11902900			1-ene-24	4.00E+06	0	7902920
1-feb-24	4.00E+06	0	7581740			1-feb-24	4.00E+06	0	7581740			1-feb-24	4.00E+06	0	7581740			1-feb-24	3.00E+06	0	4581740
1-mar-24	3.00E+06	0	4303020			1-mar-24	3.00E+06	0	4303020			1-mar-24	3.00E+06	0	4303020			1-mar-24	2.00E+06	0	2303020
1-abr-24	2.00E+06	0	2107400			1-abr-24	2.00E+06	0	2107400			1-abr-24	2.00E+06	0	2107400			1-abr-24	1.00E+06	0	1107400
1-may-24	1.00E+06	0	1.00E+06			1-may-24	1.00E+06	0	1.00E+06			1-may-24	1.00E+06	0	1.00E+06			1-may-24	0	0	1.00E+06
1-jun-24	0	0	7389890			1-jun-24	0	0	7389890			1-jun-24	0	0	7389890			1-jun-24	0	0	7389890
1-jul-24	0	0	9820900			1-jul-24	0	0	9820900			1-jul-24	0	0	9820900			1-jul-24	0	0	9820900
1-ago-24	0	0	13989100			1-ago-24	0	0	13989100			1-ago-24	0	0	13989100			1-ago-24	0	0	13989100
1-sept-24	0	0	15085500			1-sept-24	0	0	15085500			1-sept-24	0	0	15085500			1-sept-24	0	0	15085500
1-oct-24	57723	0	16329700			1-oct-24	57723	0	16329700			1-oct-24	57723	0	16329700			1-oct-24	57723	0	16329700
1-nov-24	1057720	0	17101500			1-nov-24	1057720	0	17101500			1-nov-24	1057720	0	17101500			1-nov-24	1057720	0	17101500
1-dic-24	2057720	0	16003400			1-dic-24	2057720	0	16003400			1-dic-24	2057720	0	16003400			1-dic-24	2057720	0	16003400
																					
																					
beneficio	=	45642600				beneficio	=	43908400				beneficio	=	46911700				beneficio	=	48054000	
																					
ampl:						ampl:						ampl:						ampl:			
																					
																					
																					
																					
																					
																					
																					
DQ20.700.000AlfaQprom	Q	Qe	V	:=		DQ20.700.000AlfaPex15	Q	Qe	V	:=		DQ20.700.000AlfaPex50	Q	Qe	V	:=		DQ20.700.000AlfaPex85	Q	Qe	V
1-ene-10	5234960	0	85204600			1-ene-10	5234960	0	85204600			1-ene-10	5234960	0	85204600			1-ene-10	5234960	0	85204600
1-feb-10	0	0	84539300			1-feb-10	0	0	84539300			1-feb-10	0	0	84539300			1-feb-10	20700000	0	63839300
1-mar-10	20700000	0	63599300			1-mar-10	20700000	0	63599300			1-mar-10	20700000	0	63599300			1-mar-10	0	0	63599300
1-abr-10	0	0	63584300			1-abr-10	0	0	63584300			1-abr-10	0	0	63584300			1-abr-10	0	0	63584300
1-may-10	0	0	66573800			1-may-10	0	0	66573800			1-may-10	0	0	66573800			1-may-10	0	0	66573800
1-jun-10	0	0	70849900			1-jun-10	0	0	70849900			1-jun-10	0	0	70849900			1-jun-10	0	0	70849900
1-jul-10	0	0	74507700			1-jul-10	0	0	74507700			1-jul-10	0	0	74507700			1-jul-10	0	0	74507700
1-ago-10	0	0	76444400			1-ago-10	0	0	76444400			1-ago-10	0	0	76444400			1-ago-10	0	0	76444400
1-sept-10	0	0	78603900			1-sept-10	0	0	78603900			1-sept-10	0	0	78603900			1-sept-10	0	0	78603900
1-oct-10	0	0	78686600			1-oct-10	0	0	78686600			1-oct-10	0	0	78686600			1-oct-10	0	0	78686600
1-nov-10	0	0	77846000			1-nov-10	0	0	77846000			1-nov-10	0	0	77846000			1-nov-10	0	0	77846000
1-dic-10	0	0	76450400			1-dic-10	0	0	76450400			1-dic-10	0	0	76450400			1-dic-10	0	0	76450400
1-ene-11	0	0	74970800			1-ene-11	0	0	74970800			1-ene-11	0	0	74970800			1-ene-11	0	0	74970800
1-feb-11	0	0	74119100			1-feb-11	0	0	74119100			1-feb-11	0	0	74119100			1-feb-11	20700000	0	53419100
1-mar-11	20700000	0	52791800			1-mar-11	20700000	0	52791800			1-mar-11	20700000	0	52791800			1-mar-11	0	0	52791800
1-abr-11	0	0	52362000			1-abr-11	0	0	52362000			1-abr-11	0	0	52362000			1-abr-11	0	0	52362000
1-may-11	0	0	52494200			1-may-11	0	0	52494200			1-may-11	0	0	52494200			1-may-11	0	0	52494200
1-jun-11	0	0	60969400			1-jun-11	0	0	60969400			1-jun-11	0	0	60969400			1-jun-11	0	0	60969400
1-jul-11	0	0	65551100			1-jul-11	0	0	65551100			1-jul-11	0	0	65551100			1-jul-11	0	0	65551100
1-ago-11	0	0	69252400			1-ago-11	0	0	69252400			1-ago-11	0	0	69252400			1-ago-11	0	0	69252400
1-sept-11	0	0	70613100			1-sept-11	0	0	70613100			1-sept-11	0	0	70613100			1-sept-11	0	0	70613100
1-oct-11	0	0	72103600			1-oct-11	0	0	72103600			1-oct-11	0	0	72103600			1-oct-11	0	0	72103600
1-nov-11	0	0	72796600			1-nov-11	0	0	72796600			1-nov-11	0	0	72796600			1-nov-11	0	0	72796600
1-dic-11	0	0	72909000			1-dic-11	0	0	72909000			1-dic-11	0	0	72909000			1-dic-11	0	0	72909000
1-ene-12	9402520	0	63207600			1-ene-12	9402520	0	63207600			1-ene-12	9402520	0	63207600			1-ene-12	0	0	72610100
1-feb-12	0	0	63188600			1-feb-12	0	0	63188600			1-feb-12	0	0	63188600			1-feb-12	20700000	0	51891100
1-mar-12	20700000	0	42798000			1-mar-12	20700000	0	42798000			1-mar-12	20700000	0	42798000			1-mar-12	0	0	52200500
1-abr-12	0	0	43085300			1-abr-12	0	0	43085300			1-abr-12	0	0	43085300			1-abr-12	0	0	52487900
1-may-12	0	0	45513900			1-may-12	0	0	45513900			1-may-12	0	0	45513900			1-may-12	0	0	54916400
1-jun-12	0	0	48366900			1-jun-12	0	0	48366900			1-jun-12	0	0	48366900			1-jun-12	0	0	57769500
1-jul-12	0	0	51233500			1-jul-12	0	0	51233500			1-jul-12	0	0	51233500			1-jul-12	0	0	60636000
1-ago-12	0	0	53887700			1-ago-12	0	0	53887700			1-ago-12	0	0	53887700			1-ago-12	0	0	63290200
1-sept-12	0	0	54386600			1-sept-12	0	0	54386600			1-sept-12	0	0	54386600			1-sept-12	0	0	63789100
1-oct-12	0	0	54156800			1-oct-12	0	0	54156800			1-oct-12	0	0	54156800			1-oct-12	0	0	63559400
1-nov-12	0	0	54200000			1-nov-12	0	0	54200000			1-nov-12	0	0	54200000			1-nov-12	0	0	63602500
1-dic-12	0	0	54048700			1-dic-12	0	0	54048700			1-dic-12	0	0	54048700			1-dic-12	0	0	63451200
1-ene-13	19300000	0	34512600			1-ene-13	19300000	0	34512600			1-ene-13	19300000	0	34512600			1-ene-13	9402520	0	53812600
1-feb-13	0	0	34099000			1-feb-13	0	0	34099000			1-feb-13	0	0	34099000			1-feb-13	20700000	0	32699000
1-mar-13	20700000	0	13060800			1-mar-13	20700000	0	13060800			1-mar-13	20700000	0	13060800			1-mar-13	0	0	32360800
1-abr-13	0	0	12818800			1-abr-13	0	0	12818800			1-abr-13	0	0	12818800			1-abr-13	0	0	32118800
1-may-13	0	0	15535700			1-may-13	0	0	15535700			1-may-13	0	0	15535700			1-may-13	0	0	34835700
1-jun-13	0	0	19868400			1-jun-13	0	0	19868400			1-jun-13	0	0	19868400			1-jun-13	0	0	39168400
1-jul-13	0	0	22885800			1-jul-13	0	0	22885800			1-jul-13	0	0	22885800			1-jul-13	0	0	42185800
1-ago-13	0	0	25507600			1-ago-13	0	0	25507600			1-ago-13	0	0	25507600			1-ago-13	0	0	44807600
1-sept-13	0	0	27597200			1-sept-13	0	0	27597200			1-sept-13	0	0	27597200			1-sept-13	0	0	46897200
1-oct-13	0	0	27819600			1-oct-13	0	0	27819600			1-oct-13	0	0	27819600			1-oct-13	0	0	47119600
1-nov-13	0	0	28352000			1-nov-13	0	0	28352000			1-nov-13	0	0	28352000			1-nov-13	0	0	47652000
1-dic-13	0	0	28703700			1-dic-13	0	0	28703700			1-dic-13	0	0	28703700			1-dic-13	0	0	48003700
1-ene-14	0	0	28920500			1-ene-14	0	0	28920500			1-ene-14	0	0	28920500			1-ene-14	19300000	0	28920500
1-feb-14	0	0	29059300			1-feb-14	0	0	29059300			1-feb-14	0	0	29059300			1-feb-14	20700000	0	8359260
1-mar-14	20700000	0	8604770			1-mar-14	20700000	0	8604770			1-mar-14	20700000	0	8604770			1-mar-14	0	0	8604770
1-abr-14	0	0	9704140			1-abr-14	0	0	9704140			1-abr-14	0	0	9704140			1-abr-14	0	0	9704140
1-may-14	0	0	11837100			1-may-14	0	0	11837100			1-may-14	0	0	11837100			1-may-14	0	0	11837100
1-jun-14	0	0	13979200			1-jun-14	0	0	13979200			1-jun-14	0	0	13979200			1-jun-14	0	0	13979200
1-jul-14	0	0	17173900			1-jul-14	0	0	17173900			1-jul-14	0	0	17173900			1-jul-14	0	0	17173900
1-ago-14	0	0	18646700			1-ago-14	0	0	18646700			1-ago-14	0	0	18646700			1-ago-14	0	0	18646700
1-sept-14	0	0	19905200			1-sept-14	0	0	19905200			1-sept-14	0	0	19905200			1-sept-14	0	0	19905200
1-oct-14	0	0	20127600			1-oct-14	0	0	20127600			1-oct-14	0	0	20127600			1-oct-14	0	0	20127600
1-nov-14	0	0	20184800			1-nov-14	0	0	20184800			1-nov-14	0	0	20184800			1-nov-14	0	0	20184800
1-dic-14	0	0	20130700			1-dic-14	0	0	20130700			1-dic-14	0	0	20130700			1-dic-14	0	0	20130700
1-ene-15	0	0	20018200			1-ene-15	0	0	20018200			1-ene-15	0	0	20018200			1-ene-15	0	0	20018200
1-feb-15	0	0	19862600			1-feb-15	0	0	19862600			1-feb-15	0	0	19862600			1-feb-15	18862600	0	1.00E+06
1-mar-15	19996000	0	1.00E+06			1-mar-15	19996000	0	1.00E+06			1-mar-15	19996000	0	1.00E+06			1-mar-15	1133460	0	1.00E+06
1-abr-15	0	0	1638100			1-abr-15	0	0	1638100			1-abr-15	0	0	1638100			1-abr-15	0	0	1638100
1-may-15	0	0	2516250			1-may-15	0	0	2516250			1-may-15	0	0	2516250			1-may-15	0	0	2516250
1-jun-15	0	0	3669510			1-jun-15	0	0	3669510			1-jun-15	0	0	3669510			1-jun-15	0	0	3669510
1-jul-15	0	0	6540400			1-jul-15	0	0	6540400			1-jul-15	0	0	6540400			1-jul-15	0	0	6540400
1-ago-15	0	0	13739400			1-ago-15	0	0	13739400			1-ago-15	0	0	13739400			1-ago-15	0	0	13739400
1-sept-15	0	0	19301200			1-sept-15	0	0	19301200			1-sept-15	0	0	19301200			1-sept-15	0	0	19301200
1-oct-15	0	0	25643800			1-oct-15	0	0	25643800			1-oct-15	0	0	25643800			1-oct-15	0	0	25643800
1-nov-15	0	0	32500600			1-nov-15	0	0	32500600			1-nov-15	0	0	32500600			1-nov-15	0	0	32500600
1-dic-15	20004000	0	19709700			1-dic-15	20004000	0	19709700			1-dic-15	20004000	0	19709700			1-dic-15	20004000	0	19709700
1-ene-16	6463310	0	17012700			1-ene-16	6463310	0	17012700			1-ene-16	6463310	0	17012700			1-ene-16	4032600	0	19443400
1-feb-16	0	0	19460800			1-feb-16	0	0	19460800			1-feb-16	0	0	19460800			1-feb-16	20891500	0	1.00E+06
1-mar-16	20700000	0	1.00E+06			1-mar-16	20700000	0	1.00E+06			1-mar-16	20700000	0	1.00E+06			1-mar-16	2239210	0	1.00E+06
1-abr-16	0	0	4749130			1-abr-16	0	0	4749130			1-abr-16	0	0	4749130			1-abr-16	0	0	4749130
1-may-16	0	0	10032900			1-may-16	0	0	10032900			1-may-16	0	0	10032900			1-may-16	0	0	10032900
1-jun-16	0	0	17230200			1-jun-16	0	0	17230200			1-jun-16	0	0	17230200			1-jun-16	0	0	17230200
1-jul-16	0	0	23526900			1-jul-16	0	0	23526900			1-jul-16	0	0	23526900			1-jul-16	0	0	23526900
1-ago-16	0	0	29170600			1-ago-16	0	0	29170600			1-ago-16	0	0	29170600			1-ago-16	0	0	29170600
1-sept-16	0	0	34334400			1-sept-16	0	0	34334400			1-sept-16	0	0	34334400			1-sept-16	0	0	34334400
1-oct-16	0	0	41181500			1-oct-16	0	0	41181500			1-oct-16	0	0	41181500			1-oct-16	0	0	41181500
1-nov-16	0	0	50770600			1-nov-16	0	0	50770600			1-nov-16	0	0	50770600			1-nov-16	0	0	50770600
1-dic-16	12836700	0	47943800			1-dic-16	12836700	0	47943800			1-dic-16	12836700	0	47943800			1-dic-16	12836700	0	47943800
1-ene-17	19300000	0	35647300			1-ene-17	19300000	0	35647300			1-ene-17	19300000	0	35647300			1-ene-17	19300000	0	35647300
1-feb-17	0	0	39693100			1-feb-17	0	0	39693100			1-feb-17	0	0	39693100			1-feb-17	20700000	0	18993100
1-mar-17	20700000	0	22081800			1-mar-17	20700000	0	22081800			1-mar-17	20700000	0	22081800			1-mar-17	0	0	22081800
1-abr-17	0	0	25668600			1-abr-17	0	0	25668600			1-abr-17	0	0	25668600			1-abr-17	0	0	25668600
1-may-17	0	0	49220800			1-may-17	0	0	49220800			1-may-17	0	0	49220800			1-may-17	0	0	49220800
1-jun-17	0	0	62489800			1-jun-17	0	0	62489800			1-jun-17	0	0	62489800			1-jun-17	0	0	62489800
1-jul-17	0	0	72326500			1-jul-17	0	0	72326500			1-jul-17	0	0	72326500			1-jul-17	0	0	72326500
1-ago-17	0	0	80344600			1-ago-17	0	0	80344600			1-ago-17	0	0	80344600			1-ago-17	0	0	80344600
1-sept-17	0	0	86720800			1-sept-17	0	0	86720800			1-sept-17	0	0	86720800			1-sept-17	0	0	86720800
1-oct-17	0	0	92205700			1-oct-17	0	0	92205700			1-oct-17	0	0	92205700			1-oct-17	0	0	92205700
1-nov-17	0	0	96771500			1-nov-17	0	0	96771500			1-nov-17	0	0	96771500			1-nov-17	0	0	96771500
1-dic-17	0	0	1.00E+08			1-dic-17	0	0	1.00E+08			1-dic-17	0	0	1.00E+08			1-dic-17	0	0	1.00E+08
1-ene-18	3290130	0	98889900			1-ene-18	3290130	0	98889900			1-ene-18	3290130	0	98889900			1-ene-18	3290130	0	98889900
1-feb-18	0	0	99939600			1-feb-18	0	0	99939600			1-feb-18	0	0	99939600			1-feb-18	20700000	0	79239600
1-mar-18	20700000	0	80665300			1-mar-18	20700000	0	80665300			1-mar-18	20700000	0	80665300			1-mar-18	0	0	80665300
1-abr-18	0	0	83050200			1-abr-18	0	0	83050200			1-abr-18	0	0	83050200			1-abr-18	0	0	83050200
1-may-18	0	0	86770600			1-may-18	0	0	86770600			1-may-18	0	0	86770600			1-may-18	0	0	86770600
1-jun-18	0	0	91979600			1-jun-18	0	0	91979600			1-jun-18	0	0	91979600			1-jun-18	0	0	91979600
1-jul-18	0	0	95483100			1-jul-18	0	0	95483100			1-jul-18	0	0	95483100			1-jul-18	0	0	95483100
1-ago-18	0	0	97803300			1-ago-18	0	0	97803300			1-ago-18	0	0	97803300			1-ago-18	0	0	97803300
1-sept-18	0	0	99097100			1-sept-18	0	0	99097100			1-sept-18	0	0	99097100			1-sept-18	0	0	99097100
1-oct-18	0	0	99785400			1-oct-18	0	0	99785400			1-oct-18	0	0	99785400			1-oct-18	0	0	99785400
1-nov-18	0	0	99992600			1-nov-18	0	0	99992600			1-nov-18	0	0	99992600			1-nov-18	0	0	99992600
1-dic-18	0	0	1.00E+08			1-dic-18	0	0	1.00E+08			1-dic-18	0	0	1.00E+08			1-dic-18	0	0	1.00E+08
1-ene-19	0	0	99797600			1-ene-19	0	0	99797600			1-ene-19	0	0	99797600			1-ene-19	0	0	99797600
1-feb-19	0	0	99573500			1-feb-19	0	0	99573500			1-feb-19	0	0	99573500			1-feb-19	20700000	0	78873500
1-mar-19	14383300	0	85366100			1-mar-19	14383300	0	85366100			1-mar-19	14383300	0	85366100			1-mar-19	0	0	79049400
1-abr-19	0	0	85835300			1-abr-19	0	0	85835300			1-abr-19	0	0	85835300			1-abr-19	0	0	79518600
1-may-19	0	0	88659500			1-may-19	0	0	88659500			1-may-19	0	0	88659500			1-may-19	0	0	82342800
1-jun-19	0	0	91769100			1-jun-19	0	0	91769100			1-jun-19	0	0	91769100			1-jun-19	0	0	85452400
1-jul-19	0	0	94324200			1-jul-19	0	0	94324200			1-jul-19	0	0	94324200			1-jul-19	0	0	88007500
1-ago-19	0	0	95946700			1-ago-19	0	0	95946700			1-ago-19	0	0	95946700			1-ago-19	0	0	89630000
1-sept-19	0	0	96843700			1-sept-19	0	0	96843700			1-sept-19	0	0	96843700			1-sept-19	0	0	90526900
1-oct-19	0	0	96948000			1-oct-19	0	0	96948000			1-oct-19	0	0	96948000			1-oct-19	0	0	90631300
1-nov-19	0	0	96594300			1-nov-19	0	0	96594300			1-nov-19	0	0	96594300			1-nov-19	0	0	90277600
1-dic-19	0	0	96050500			1-dic-19	0	0	96050500			1-dic-19	0	0	96050500			1-dic-19	0	0	89733800
1-ene-20	0	0	95379600			1-ene-20	0	0	95379600			1-ene-20	0	0	95379600			1-ene-20	0	0	89062900
1-feb-20	0	0	94687600			1-feb-20	0	0	94687600			1-feb-20	0	0	94687600			1-feb-20	20700000	0	67670800
1-mar-20	20700000	0	73410700			1-mar-20	20700000	0	73410700			1-mar-20	20700000	0	73410700			1-mar-20	0	0	67093900
1-abr-20	0	0	73100600			1-abr-20	0	0	73100600			1-abr-20	0	0	73100600			1-abr-20	0	0	66783900
1-may-20	0	0	72696700			1-may-20	0	0	72696700			1-may-20	0	0	72696700			1-may-20	0	0	66379900
1-jun-20	0	0	74276500			1-jun-20	0	0	74276500			1-jun-20	0	0	74276500			1-jun-20	0	0	67959800
1-jul-20	0	0	76038400			1-jul-20	0	0	76038400			1-jul-20	0	0	76038400			1-jul-20	0	0	69721700
1-ago-20	0	0	76632800			1-ago-20	0	0	76632800			1-ago-20	0	0	76632800			1-ago-20	0	0	70316100
1-sept-20	0	0	76776100			1-sept-20	0	0	76776100			1-sept-20	0	0	76776100			1-sept-20	0	0	70459300
1-oct-20	0	0	76626600			1-oct-20	0	0	76626600			1-oct-20	0	0	76626600			1-oct-20	0	0	70309900
1-nov-20	0	0	76260800			1-nov-20	0	0	76260800			1-nov-20	0	0	76260800			1-nov-20	0	0	69944100
1-dic-20	0	0	75651200			1-dic-20	0	0	75651200			1-dic-20	0	0	75651200			1-dic-20	0	0	69334500
1-ene-21	0	0	74977300			1-ene-21	0	0	74977300			1-ene-21	0	0	74977300			1-ene-21	0	0	68660500
1-feb-21	0	0	74549900			1-feb-21	0	0	74549900			1-feb-21	0	0	74549900			1-feb-21	20700000	0	47533200
1-mar-21	20700000	0	53473100			1-mar-21	20700000	0	53473100			1-mar-21	20700000	0	53473100			1-mar-21	0	0	47156400
1-abr-21	0	0	53079000			1-abr-21	0	0	53079000			1-abr-21	0	0	53079000			1-abr-21	0	0	46762300
1-may-21	0	0	52618900			1-may-21	0	0	52618900			1-may-21	0	0	52618900			1-may-21	0	0	46302200
1-jun-21	0	0	52634300			1-jun-21	0	0	52634300			1-jun-21	0	0	52634300			1-jun-21	0	0	46317600
1-jul-21	0	0	53243800			1-jul-21	0	0	53243800			1-jul-21	0	0	53243800			1-jul-21	0	0	46927100
1-ago-21	0	0	53759000			1-ago-21	0	0	53759000			1-ago-21	0	0	53759000			1-ago-21	0	0	47442300
1-sept-21	0	0	53716900			1-sept-21	0	0	53716900			1-sept-21	0	0	53716900			1-sept-21	0	0	47400100
1-oct-21	0	0	53318300			1-oct-21	0	0	53318300			1-oct-21	0	0	53318300			1-oct-21	0	0	47001600
1-nov-21	0	0	52751800			1-nov-21	0	0	52751800			1-nov-21	0	0	52751800			1-nov-21	0	0	46435100
1-dic-21	0	0	52147100			1-dic-21	0	0	52147100			1-dic-21	0	0	52147100			1-dic-21	0	0	45830300
1-ene-22	0	0	51546600			1-ene-22	0	0	51546600			1-ene-22	0	0	51546600			1-ene-22	0	0	45229900
1-feb-22	0	0	51119300			1-feb-22	0	0	51119300			1-feb-22	0	0	51119300			1-feb-22	14383300	0	30419300
1-mar-22	20700000	0	30019200			1-mar-22	20700000	0	30019200			1-mar-22	20700000	0	30019200			1-mar-22	0	0	30019200
1-abr-22	0	0	29801900			1-abr-22	0	0	29801900			1-abr-22	0	0	29801900			1-abr-22	0	0	29801900
1-may-22	0	0	29676700			1-may-22	0	0	29676700			1-may-22	0	0	29676700			1-may-22	0	0	29676700
1-jun-22	0	0	29642100			1-jun-22	0	0	29642100			1-jun-22	0	0	29642100			1-jun-22	0	0	29642100
1-jul-22	0	0	37779300			1-jul-22	0	0	37779300			1-jul-22	0	0	37779300			1-jul-22	0	0	37779300
1-ago-22	0	0	39252000			1-ago-22	0	0	39252000			1-ago-22	0	0	39252000			1-ago-22	0	0	39252000
1-sept-22	0	0	39760100			1-sept-22	0	0	39760100			1-sept-22	0	0	39760100			1-sept-22	0	0	39760100
1-oct-22	0	0	40170500			1-oct-22	0	0	40170500			1-oct-22	0	0	40170500			1-oct-22	0	0	40170500
1-nov-22	0	0	40259700			1-nov-22	0	0	40259700			1-nov-22	0	0	40259700			1-nov-22	0	0	40259700
1-dic-22	0	0	40188000			1-dic-22	0	0	40188000			1-dic-22	0	0	40188000			1-dic-22	0	0	40188000
1-ene-23	0	0	40058200			1-ene-23	0	0	40058200			1-ene-23	0	0	40058200			1-ene-23	0	0	40058200
1-feb-23	0	0	39912700			1-feb-23	0	0	39912700			1-feb-23	0	0	39912700			1-feb-23	20700000	0	19212700
1-mar-23	20700000	0	19222800			1-mar-23	20700000	0	19222800			1-mar-23	20700000	0	19222800			1-mar-23	0	0	19222800
1-abr-23	0	0	19091800			1-abr-23	0	0	19091800			1-abr-23	0	0	19091800			1-abr-23	0	0	19091800
1-may-23	0	0	19692800			1-may-23	0	0	19692800			1-may-23	0	0	19692800			1-may-23	0	0	19692800
1-jun-23	0	0	20900000			1-jun-23	0	0	20900000			1-jun-23	0	0	20900000			1-jun-23	0	0	20900000
1-jul-23	0	0	22327700			1-jul-23	0	0	22327700			1-jul-23	0	0	22327700			1-jul-23	0	0	22327700
1-ago-23	0	0	23265500			1-ago-23	0	0	23265500			1-ago-23	0	0	23265500			1-ago-23	0	0	23265500
1-sept-23	0	0	23718300			1-sept-23	0	0	23718300			1-sept-23	0	0	23718300			1-sept-23	0	0	23718300
1-oct-23	0	0	23884200			1-oct-23	0	0	23884200			1-oct-23	0	0	23884200			1-oct-23	0	0	23884200
1-nov-23	0	0	23476400			1-nov-23	0	0	23476400			1-nov-23	0	0	23476400			1-nov-23	0	0	23476400
1-dic-23	0	0	23019200			1-dic-23	0	0	23019200			1-dic-23	0	0	23019200			1-dic-23	0	0	23019200
1-ene-24	0	0	22602900			1-ene-24	0	0	22602900			1-ene-24	0	0	22602900			1-ene-24	0	0	22602900
1-feb-24	0	0	22281700			1-feb-24	0	0	22281700			1-feb-24	0	0	22281700			1-feb-24	20700000	0	1581740
1-mar-24	20700000	0	1303020			1-mar-24	20700000	0	1303020			1-mar-24	20700000	0	1303020			1-mar-24	0	0	1303020
1-abr-24	0	0	1107400			1-abr-24	0	0	1107400			1-abr-24	0	0	1107400			1-abr-24	0	0	1107400
1-may-24	0	0	1.00E+06			1-may-24	0	0	1.00E+06			1-may-24	0	0	1.00E+06			1-may-24	0	0	1.00E+06
1-jun-24	0	0	7389890			1-jun-24	0	0	7389890			1-jun-24	0	0	7389890			1-jun-24	0	0	7389890
1-jul-24	0	0	9820900			1-jul-24	0	0	9820900			1-jul-24	0	0	9820900			1-jul-24	0	0	9820900
1-ago-24	0	0	13989100			1-ago-24	0	0	13989100			1-ago-24	0	0	13989100			1-ago-24	0	0	13989100
1-sept-24	0	0	15085500			1-sept-24	0	0	15085500			1-sept-24	0	0	15085500			1-sept-24	0	0	15085500
1-oct-24	0	0	16387400			1-oct-24	0	0	16387400			1-oct-24	0	0	16387400			1-oct-24	0	0	16387400
1-nov-24	0	0	18217000			1-nov-24	0	0	18217000			1-nov-24	0	0	18217000			1-nov-24	0	0	18217000
1-dic-24	3173170	0	16003400			1-dic-24	3173170	0	16003400			1-dic-24	3173170	0	16003400			1-dic-24	3173170	0	16003400
																					
																					
beneficio	=	57586000				beneficio	=	55922100				beneficio	=	61906600				beneficio	=	60038600	
