DQ350.000AlfaQprom	Q	Qe	V	:=		DQ350.000AlfaPex15	Q	Qe	V	:=		DQ350.000AlfaPex50	Q	Qe	V	:=		DQ350.000AlfaPex85	Q	Qe	V
1-ene-10	5234960	0	85204600			1-ene-10	5234960	0	85204600			1-ene-10	5234960	0	85204600			1-ene-10	5234960	0	85204600
1-feb-10	4884960	0	79654300			1-feb-10	4884960	0	79654300			1-feb-10	4884960	0	79654300			1-feb-10	4884960	0	79654300
1-mar-10	4534960	0	74879400			1-mar-10	4534960	0	74879400			1-mar-10	4534960	0	74879400			1-mar-10	4534960	0	74879400
1-abr-10	4184960	0	70679400			1-abr-10	4184960	0	70679400			1-abr-10	4184960	0	70679400			1-abr-10	4184960	0	70679400
1-may-10	3834960	0	69833900			1-may-10	3834960	0	69833900			1-may-10	3834960	0	69833900			1-may-10	3834960	0	69833900
1-jun-10	3484960	0	70625100			1-jun-10	3484960	0	70625100			1-jun-10	3484960	0	70625100			1-jun-10	3484960	0	70625100
1-jul-10	3134960	0	71147900			1-jul-10	3134960	0	71147900			1-jul-10	3134960	0	71147900			1-jul-10	3134960	0	71147900
1-ago-10	2784960	0	70299600			1-ago-10	2784960	0	70299600			1-ago-10	2784960	0	70299600			1-ago-10	2784960	0	70299600
1-sept-10	2434960	0	70024200			1-sept-10	2434960	0	70024200			1-sept-10	2434960	0	70024200			1-sept-10	2434960	0	70024200
1-oct-10	2084960	0	68021900			1-oct-10	2084960	0	68021900			1-oct-10	2084960	0	68021900			1-oct-10	2084960	0	68021900
1-nov-10	1734960	0	65446400			1-nov-10	1734960	0	65446400			1-nov-10	1734960	0	65446400			1-nov-10	1734960	0	65446400
1-dic-10	1384960	0	62665800			1-dic-10	1384960	0	62665800			1-dic-10	1384960	0	62665800			1-dic-10	1384960	0	62665800
1-ene-11	1034960	0	60151200			1-ene-11	1034960	0	60151200			1-ene-11	1034960	0	60151200			1-ene-11	1034960	0	60151200
1-feb-11	684962	0	58614600			1-feb-11	684962	0	58614600			1-feb-11	684962	0	58614600			1-feb-11	684962	0	58614600
1-mar-11	334962	0	57652300			1-mar-11	334962	0	57652300			1-mar-11	334962	0	57652300			1-mar-11	334962	0	57652300
1-abr-11	0	0	57222500			1-abr-11	0	0	57222500			1-abr-11	0	0	57222500			1-abr-11	0	0	57222500
1-may-11	0	0	57354700			1-may-11	0	0	57354700			1-may-11	0	0	57354700			1-may-11	0	0	57354700
1-jun-11	0	0	65830000			1-jun-11	0	0	65830000			1-jun-11	0	0	65830000			1-jun-11	0	0	65830000
1-jul-11	0	0	70411600			1-jul-11	0	0	70411600			1-jul-11	0	0	70411600			1-jul-11	0	0	70411600
1-ago-11	0	0	74112900			1-ago-11	0	0	74112900			1-ago-11	0	0	74112900			1-ago-11	0	0	74112900
1-sept-11	0	0	75473600			1-sept-11	0	0	75473600			1-sept-11	0	0	75473600			1-sept-11	0	0	75473600
1-oct-11	0	0	76964200			1-oct-11	0	0	76964200			1-oct-11	0	0	76964200			1-oct-11	0	0	76964200
1-nov-11	0	0	77657200			1-nov-11	0	0	77657200			1-nov-11	0	0	77657200			1-nov-11	0	0	77657200
1-dic-11	0	0	77769600			1-dic-11	0	0	77769600			1-dic-11	0	0	77769600			1-dic-11	0	0	77769600
1-ene-12	0	0	77470700			1-ene-12	0	0	77470700			1-ene-12	0	0	77470700			1-ene-12	0	0	77470700
1-feb-12	0	0	77451700			1-feb-12	0	0	77451700			1-feb-12	0	0	77451700			1-feb-12	0	0	77451700
1-mar-12	61305.6	0	77699700			1-mar-12	61305.6	0	77699700			1-mar-12	61305.6	0	77699700			1-mar-12	61305.6	0	77699700
1-abr-12	411306	0	77575800			1-abr-12	411306	0	77575800			1-abr-12	411306	0	77575800			1-abr-12	411306	0	77575800
1-may-12	761306	0	79243100			1-may-12	761306	0	79243100			1-may-12	761306	0	79243100			1-may-12	761306	0	79243100
1-jun-12	1111310	0	80984800			1-jun-12	1111310	0	80984800			1-jun-12	1111310	0	80984800			1-jun-12	1111310	0	80984800
1-jul-12	1461310	0	82390000			1-jul-12	1461310	0	82390000			1-jul-12	1461310	0	82390000			1-jul-12	1461310	0	82390000
1-ago-12	1811310	0	83232900			1-ago-12	1811310	0	83232900			1-ago-12	1811310	0	83232900			1-ago-12	1811310	0	83232900
1-sept-12	2161310	0	81570500			1-sept-12	2161310	0	81570500			1-sept-12	2161310	0	81570500			1-sept-12	2161310	0	81570500
1-oct-12	2511310	0	78829400			1-oct-12	2511310	0	78829400			1-oct-12	2511310	0	78829400			1-oct-12	2511310	0	78829400
1-nov-12	2861310	0	76011300			1-nov-12	2861310	0	76011300			1-nov-12	2861310	0	76011300			1-nov-12	2861310	0	76011300
1-dic-12	2511310	0	73348700			1-dic-12	2511310	0	73348700			1-dic-12	2511310	0	73348700			1-dic-12	2511310	0	73348700
1-ene-13	2161310	0	70951300			1-ene-13	2161310	0	70951300			1-ene-13	2161310	0	70951300			1-ene-13	2161310	0	70951300
1-feb-13	2071700	0	68466000			1-feb-13	2071700	0	68466000			1-feb-13	2071700	0	68466000			1-feb-13	2071700	0	68466000
1-mar-13	2421700	0	65706100			1-mar-13	2421700	0	65706100			1-mar-13	2421700	0	65706100			1-mar-13	2421700	0	65706100
1-abr-13	2771700	0	62692400			1-abr-13	2771700	0	62692400			1-abr-13	2771700	0	62692400			1-abr-13	2771700	0	62692400
1-may-13	3121700	0	62287600			1-may-13	3121700	0	62287600			1-may-13	3121700	0	62287600			1-may-13	3121700	0	62287600
1-jun-13	3471700	0	63148600			1-jun-13	3471700	0	63148600			1-jun-13	3471700	0	63148600			1-jun-13	3471700	0	63148600
1-jul-13	3821700	0	62344300			1-jul-13	3821700	0	62344300			1-jul-13	3821700	0	62344300			1-jul-13	3821700	0	62344300
1-ago-13	4171700	0	60794400			1-ago-13	4171700	0	60794400			1-ago-13	4171700	0	60794400			1-ago-13	4171700	0	60794400
1-sept-13	4521700	0	58362300			1-sept-13	4521700	0	58362300			1-sept-13	4521700	0	58362300			1-sept-13	4521700	0	58362300
1-oct-13	4171700	0	54413000			1-oct-13	4171700	0	54413000			1-oct-13	4171700	0	54413000			1-oct-13	4171700	0	54413000
1-nov-13	3821700	0	51123700			1-nov-13	3821700	0	51123700			1-nov-13	3821700	0	51123700			1-nov-13	3821700	0	51123700
1-dic-13	3471700	0	48003700			1-dic-13	3471700	0	48003700			1-dic-13	3471700	0	48003700			1-dic-13	3471700	0	48003700
1-ene-14	3121700	0	45098800			1-ene-14	3121700	0	45098800			1-ene-14	3121700	0	45098800			1-ene-14	3121700	0	45098800
1-feb-14	2771700	0	42465900			1-feb-14	2771700	0	42465900			1-feb-14	2771700	0	42465900			1-feb-14	2771700	0	42465900
1-mar-14	2421700	0	40289700			1-mar-14	2421700	0	40289700			1-mar-14	2421700	0	40289700			1-mar-14	2421700	0	40289700
1-abr-14	2771700	0	38617300			1-abr-14	2587210	0	38801800			1-abr-14	2771700	0	38617300			1-abr-14	2771700	0	38617300
1-may-14	3121700	0	37628600			1-may-14	2937210	0	37997600			1-may-14	3121700	0	37628600			1-may-14	3121700	0	37628600
1-jun-14	3471700	0	36299000			1-jun-14	3287210	0	36852500			1-jun-14	3471700	0	36299000			1-jun-14	3471700	0	36299000
1-jul-14	3821700	0	35672000			1-jul-14	3637210	0	36409900			1-jul-14	3821700	0	35672000			1-jul-14	3821700	0	35672000
1-ago-14	4171700	0	32973100			1-ago-14	3987210	0	33895500			1-ago-14	4171700	0	32973100			1-ago-14	4171700	0	32973100
1-sept-14	4106600	0	30125000			1-sept-14	4337210	0	30816800			1-sept-14	4106600	0	30125000			1-sept-14	4106600	0	30125000
1-oct-14	3756600	0	26590800			1-oct-14	3987210	0	27052000			1-oct-14	3756600	0	26590800			1-oct-14	3756600	0	26590800
1-nov-14	3406600	0	23241400			1-nov-14	3637210	0	23472100			1-nov-14	3406600	0	23241400			1-nov-14	3406600	0	23241400
1-dic-14	3056600	0	20130700			1-dic-14	3287210	0	20130700			1-dic-14	3056600	0	20130700			1-dic-14	3056600	0	20130700
1-ene-15	2706600	0	17311600			1-ene-15	2937210	0	17081000			1-ene-15	2706600	0	17311600			1-ene-15	2706600	0	17311600
1-feb-15	2356600	0	14799400			1-feb-15	2587210	0	14338100			1-feb-15	2356600	0	14799400			1-feb-15	2356600	0	14799400
1-mar-15	2375580	0	13557200			1-mar-15	2298710	0	13172900			1-mar-15	2375580	0	13557200			1-mar-15	2375580	0	13557200
1-abr-15	2725580	0	11469800			1-abr-15	2648710	0	11162300			1-abr-15	2725580	0	11469800			1-abr-15	2725580	0	11469800
1-may-15	3075580	0	9272350			1-may-15	2998710	0	9041740			1-may-15	3075580	0	9272350			1-may-15	3075580	0	9272350
1-jun-15	3425580	0	7000030			1-jun-15	3348710	0	6846290			1-jun-15	3425580	0	7000030			1-jun-15	3425580	0	7000030
1-jul-15	3775580	0	6095330			1-jul-15	3698710	0	6018460			1-jul-15	3775580	0	6095330			1-jul-15	3775580	0	6095330
1-ago-15	4125580	0	9168720			1-ago-15	4048710	0	9168720			1-ago-15	4125580	0	9168720			1-ago-15	4125580	0	9168720
1-sept-15	4383330	0	10347300			1-sept-15	4383330	0	10347300			1-sept-15	4383330	0	10347300			1-sept-15	4383330	0	10347300
1-oct-15	4033330	0	12656400			1-oct-15	4033330	0	12656400			1-oct-15	4033330	0	12656400			1-oct-15	4033330	0	12656400
1-nov-15	3683330	0	15829900			1-nov-15	3683330	0	15829900			1-nov-15	3683330	0	15829900			1-nov-15	3683330	0	15829900
1-dic-15	3333330	0	19709700			1-dic-15	3333330	0	19709700			1-dic-15	3333330	0	19709700			1-dic-15	3333330	0	19709700
1-ene-16	2983330	0	20492700			1-ene-16	2983330	0	20492700			1-ene-16	2983330	0	20492700			1-ene-16	2983330	0	20492700
1-feb-16	2633330	0	20307400			1-feb-16	2633330	0	20307400			1-feb-16	2633330	0	20307400			1-feb-16	2633330	0	20307400
1-mar-16	2283330	0	20263300			1-mar-16	2283330	0	20263300			1-mar-16	2283330	0	20263300			1-mar-16	2283330	0	20263300
1-abr-16	2633330	0	21379100			1-abr-16	2633330	0	21379100			1-abr-16	2633330	0	21379100			1-abr-16	2633330	0	21379100
1-may-16	2983330	0	23679600			1-may-16	2983330	0	23679600			1-may-16	2983330	0	23679600			1-may-16	2983330	0	23679600
1-jun-16	3333330	0	27543500			1-jun-16	3333330	0	27543500			1-jun-16	3333330	0	27543500			1-jun-16	3333330	0	27543500
1-jul-16	3683330	0	30156900			1-jul-16	3683330	0	30156900			1-jul-16	3683330	0	30156900			1-jul-16	3683330	0	30156900
1-ago-16	4033330	0	31767300			1-ago-16	4033330	0	31767300			1-ago-16	4033330	0	31767300			1-ago-16	4033330	0	31767300
1-sept-16	4383330	0	32547700			1-sept-16	4383330	0	32547700			1-sept-16	4383330	0	32547700			1-sept-16	4383330	0	32547700
1-oct-16	4033330	0	35361500			1-oct-16	4033330	0	35361500			1-oct-16	4033330	0	35361500			1-oct-16	4033330	0	35361500
1-nov-16	3683330	0	41267200			1-nov-16	3683330	0	41267200			1-nov-16	3683330	0	41267200			1-nov-16	3683330	0	41267200
1-dic-16	3333330	0	47943800			1-dic-16	3333330	0	47943800			1-dic-16	3333330	0	47943800			1-dic-16	3333330	0	47943800
1-ene-17	2983330	0	51964000			1-ene-17	2983330	0	51964000			1-ene-17	2983330	0	51964000			1-ene-17	2983330	0	51964000
1-feb-17	2633330	0	53376500			1-feb-17	2633330	0	53376500			1-feb-17	2633330	0	53376500			1-feb-17	2633330	0	53376500
1-mar-17	2353240	0	54111900			1-mar-17	2353240	0	54111900			1-mar-17	2353240	0	54111900			1-mar-17	2353240	0	54111900
1-abr-17	2703240	0	54995400			1-abr-17	2703240	0	54995400			1-abr-17	2703240	0	54995400			1-abr-17	2703240	0	54995400
1-may-17	3053240	0	75494400			1-may-17	3053240	0	75494400			1-may-17	3053240	0	75494400			1-may-17	3053240	0	75494400
1-jun-17	3403240	0	85360200			1-jun-17	3403240	0	85360200			1-jun-17	3403240	0	85360200			1-jun-17	3403240	0	85360200
1-jul-17	3753240	0	91443600			1-jul-17	3753240	0	91443600			1-jul-17	3753240	0	91443600			1-jul-17	3753240	0	91443600
1-ago-17	4103240	0	95358500			1-ago-17	4103240	0	95358500			1-ago-17	4103240	0	95358500			1-ago-17	4103240	0	95358500
1-sept-17	4278480	0	97456200			1-sept-17	4278480	0	97456200			1-sept-17	4278480	0	97456200			1-sept-17	4278480	0	97456200
1-oct-17	3928480	0	99012700			1-oct-17	3928480	0	99012700			1-oct-17	3928480	0	99012700			1-oct-17	3928480	0	99012700
1-nov-17	3578480	0	1.00E+08			1-nov-17	3578480	0	1.00E+08			1-nov-17	3578480	0	1.00E+08			1-nov-17	3578480	0	1.00E+08
1-dic-17	3228480	0	1.00E+08			1-dic-17	3228480	0	1.00E+08			1-dic-17	3228480	0	1.00E+08			1-dic-17	3228480	0	1.00E+08
1-ene-18	2878480	0	99301600			1-ene-18	2878480	0	99301600			1-ene-18	2878480	0	99301600			1-ene-18	2878480	0	99301600
1-feb-18	3152130	0	97199100			1-feb-18	3152130	0	97199100			1-feb-18	3152130	0	97199100			1-feb-18	3152130	0	97199100
1-mar-18	3502130	0	95122700			1-mar-18	3502130	0	95122700			1-mar-18	3502130	0	95122700			1-mar-18	3502130	0	95122700
1-abr-18	3152130	0	94355400			1-abr-18	3152130	0	94355400			1-abr-18	3152130	0	94355400			1-abr-18	3152130	0	94355400
1-may-18	2802130	0	95273700			1-may-18	2802130	0	95273700			1-may-18	2802130	0	95273700			1-may-18	2802130	0	95273700
1-jun-18	2452130	0	98030600			1-jun-18	2452130	0	98030600			1-jun-18	2452130	0	98030600			1-jun-18	2452130	0	98030600
1-jul-18	2102130	0	99432000			1-jul-18	2102130	0	99432000			1-jul-18	2102130	0	99432000			1-jul-18	2102130	0	99432000
1-ago-18	1752130	0	1.00E+08			1-ago-18	1752130	0	1.00E+08			1-ago-18	1752130	0	1.00E+08			1-ago-18	1752130	0	1.00E+08
1-sept-18	1402130	0	99891700			1-sept-18	1402130	0	99891700			1-sept-18	1402130	0	99891700			1-sept-18	1402130	0	99891700
1-oct-18	1052130	0	99527900			1-oct-18	1052130	0	99527900			1-oct-18	1052130	0	99527900			1-oct-18	1052130	0	99527900
1-nov-18	702132	0	99032900			1-nov-18	702132	0	99032900			1-nov-18	702132	0	99032900			1-nov-18	702132	0	99032900
1-dic-18	352132	0	98688200			1-dic-18	352132	0	98688200			1-dic-18	352132	0	98688200			1-dic-18	352132	0	98688200
1-ene-19	510795	0	97975000			1-ene-19	510795	0	97975000			1-ene-19	510795	0	97975000			1-ene-19	510795	0	97975000
1-feb-19	860795	0	96890100			1-feb-19	860795	0	96890100			1-feb-19	860795	0	96890100			1-feb-19	860795	0	96890100
1-mar-19	1210800	0	95855200			1-mar-19	1210800	0	95855200			1-mar-19	1210800	0	95855200			1-mar-19	1210800	0	95855200
1-abr-19	1560800	0	94763600			1-abr-19	1560800	0	94763600			1-abr-19	1560800	0	94763600			1-abr-19	1560800	0	94763600
1-may-19	1854390	0	95733400			1-may-19	1854390	0	95733400			1-may-19	1854390	0	95733400			1-may-19	1854390	0	95733400
1-jun-19	1504390	0	97338700			1-jun-19	1504390	0	97338700			1-jun-19	1504390	0	97338700			1-jun-19	1504390	0	97338700
1-jul-19	1154390	0	98739300			1-jul-19	1154390	0	98739300			1-jul-19	1154390	0	98739300			1-jul-19	1154390	0	98739300
1-ago-19	804392	0	99557400			1-ago-19	804392	0	99557400			1-ago-19	804392	0	99557400			1-ago-19	804392	0	99557400
1-sept-19	454392	0	1.00E+08			1-sept-19	454392	0	1.00E+08			1-sept-19	454392	0	1.00E+08			1-sept-19	454392	0	1.00E+08
1-oct-19	104392	0	1.00E+08			1-oct-19	104392	0	1.00E+08			1-oct-19	104392	0	1.00E+08			1-oct-19	104392	0	1.00E+08
1-nov-19	0	0	99646300			1-nov-19	0	0	99646300			1-nov-19	0	0	99646300			1-nov-19	0	0	99646300
1-dic-19	0	0	99102500			1-dic-19	0	0	99102500			1-dic-19	0	0	99102500			1-dic-19	0	0	99102500
1-ene-20	0	0	98431600			1-ene-20	0	0	98431600			1-ene-20	0	0	98431600			1-ene-20	0	0	98431600
1-feb-20	0	0	97739500			1-feb-20	0	0	97739500			1-feb-20	0	0	97739500			1-feb-20	0	0	97739500
1-mar-20	0	0	97162600			1-mar-20	0	0	97162600			1-mar-20	0	0	97162600			1-mar-20	0	0	97162600
1-abr-20	0	0	96852600			1-abr-20	0	0	96852600			1-abr-20	0	0	96852600			1-abr-20	0	0	96852600
1-may-20	0	0	96448600			1-may-20	0	0	96448600			1-may-20	0	0	96448600			1-may-20	0	0	96448600
1-jun-20	0	0	98028500			1-jun-20	0	0	98028500			1-jun-20	0	0	98028500			1-jun-20	0	0	98028500
1-jul-20	17392.5	0	99772900			1-jul-20	17392.5	0	99772900			1-jul-20	17392.5	0	99772900			1-jul-20	17392.5	0	99772900
1-ago-20	367392	0	1.00E+08			1-ago-20	367392	0	1.00E+08			1-ago-20	367392	0	1.00E+08			1-ago-20	367392	0	1.00E+08
1-sept-20	143223	0	1.00E+08			1-sept-20	143223	0	1.00E+08			1-sept-20	143223	0	1.00E+08			1-sept-20	143223	0	1.00E+08
1-oct-20	0	0	99850500			1-oct-20	0	0	99850500			1-oct-20	0	0	99850500			1-oct-20	0	0	99850500
1-nov-20	121992	0	99362800			1-nov-20	121992	0	99362800			1-nov-20	121992	0	99362800			1-nov-20	121992	0	99362800
1-dic-20	350000	0	98403200			1-dic-20	350000	0	98403200			1-dic-20	350000	0	98403200			1-dic-20	350000	0	98403200
1-ene-21	0	0	97729200			1-ene-21	0	0	97729200			1-ene-21	0	0	97729200			1-ene-21	0	0	97729200
1-feb-21	0	0	97301900			1-feb-21	0	0	97301900			1-feb-21	0	0	97301900			1-feb-21	0	0	97301900
1-mar-21	0	0	96925100			1-mar-21	0	0	96925100			1-mar-21	0	0	96925100			1-mar-21	0	0	96925100
1-abr-21	0	0	96530900			1-abr-21	0	0	96530900			1-abr-21	0	0	96530900			1-abr-21	0	0	96530900
1-may-21	0	0	96070900			1-may-21	0	0	96070900			1-may-21	0	0	96070900			1-may-21	0	0	96070900
1-jun-21	0	0	96086300			1-jun-21	0	0	96086300			1-jun-21	0	0	96086300			1-jun-21	0	0	96086300
1-jul-21	0	0	96695700			1-jul-21	0	0	96695700			1-jul-21	0	0	96695700			1-jul-21	0	0	96695700
1-ago-21	0	0	97211000			1-ago-21	0	0	97211000			1-ago-21	0	0	97211000			1-ago-21	0	0	97211000
1-sept-21	0	0	97168800			1-sept-21	0	0	97168800			1-sept-21	0	0	97168800			1-sept-21	0	0	97168800
1-oct-21	0	0	96770300			1-oct-21	0	0	96770300			1-oct-21	0	0	96770300			1-oct-21	0	0	96770300
1-nov-21	325000	0	95878700			1-nov-21	325000	0	95878700			1-nov-21	325000	0	95878700			1-nov-21	325000	0	95878700
1-dic-21	675000	0	94599000			1-dic-21	675000	0	94599000			1-dic-21	675000	0	94599000			1-dic-21	675000	0	94599000
1-ene-22	560427	0	93438200			1-ene-22	560427	0	93438200			1-ene-22	560427	0	93438200			1-ene-22	560427	0	93438200
1-feb-22	910427	0	92100400			1-feb-22	910427	0	92100400			1-feb-22	910427	0	92100400			1-feb-22	910427	0	92100400
1-mar-22	1260430	0	90439900			1-mar-22	1260430	0	90439900			1-mar-22	1260430	0	90439900			1-mar-22	1260430	0	90439900
1-abr-22	1610430	0	88612100			1-abr-22	1610430	0	88612100			1-abr-22	1610430	0	88612100			1-abr-22	1610430	0	88612100
1-may-22	1960430	0	86526500			1-may-22	1960430	0	86526500			1-may-22	1960430	0	86526500			1-may-22	1960430	0	86526500
1-jun-22	2310430	0	84181500			1-jun-22	2310430	0	84181500			1-jun-22	2310430	0	84181500			1-jun-22	2310430	0	84181500
1-jul-22	2660430	0	89658200			1-jul-22	2660430	0	89658200			1-jul-22	2660430	0	89658200			1-jul-22	2660430	0	89658200
1-ago-22	3010430	0	88120500			1-ago-22	3010430	0	88120500			1-ago-22	3010430	0	88120500			1-ago-22	3010430	0	88120500
1-sept-22	3360430	0	85268200			1-sept-22	3360430	0	85268200			1-sept-22	3360430	0	85268200			1-sept-22	3360430	0	85268200
1-oct-22	3710430	0	81968200			1-oct-22	3710430	0	81968200			1-oct-22	3710430	0	81968200			1-oct-22	3710430	0	81968200
1-nov-22	3360430	0	78697000			1-nov-22	3360430	0	78697000			1-nov-22	3360430	0	78697000			1-nov-22	3360430	0	78697000
1-dic-22	3010430	0	75614800			1-dic-22	3010430	0	75614800			1-dic-22	3010430	0	75614800			1-dic-22	3010430	0	75614800
1-ene-23	2660430	0	72824600			1-ene-23	2660430	0	72824600			1-ene-23	2660430	0	72824600			1-ene-23	2660430	0	72824600
1-feb-23	2310430	0	70368700			1-feb-23	2310430	0	70368700			1-feb-23	2310430	0	70368700			1-feb-23	2310430	0	70368700
1-mar-23	2627910	0	67750900			1-mar-23	2624300	0	67754500			1-mar-23	2627910	0	67750900			1-mar-23	2627910	0	67750900
1-abr-23	2977910	0	64642000			1-abr-23	2974300	0	64649200			1-abr-23	2977910	0	64642000			1-abr-23	2977910	0	64642000
1-may-23	3327910	0	61915100			1-may-23	3324300	0	61925900			1-may-23	3327910	0	61915100			1-may-23	3327910	0	61915100
1-jun-23	3677910	0	59444300			1-jun-23	3674300	0	59458700			1-jun-23	3677910	0	59444300			1-jun-23	3677910	0	59444300
1-jul-23	4027910	0	56844100			1-jul-23	4024300	0	56862100			1-jul-23	4027910	0	56844100			1-jul-23	4027910	0	56844100
1-ago-23	4377910	0	53404000			1-ago-23	4374300	0	53425600			1-ago-23	4377910	0	53404000			1-ago-23	4377910	0	53404000
1-sept-23	4027910	0	49828900			1-sept-23	4033330	0	49845100			1-sept-23	4027910	0	49828900			1-sept-23	4027910	0	49828900
1-oct-23	3677910	0	46316800			1-oct-23	3683330	0	46327700			1-oct-23	3677910	0	46316800			1-oct-23	3677910	0	46316800
1-nov-23	3327910	0	42581100			1-nov-23	3333330	0	42586500			1-nov-23	3327910	0	42581100			1-nov-23	3327910	0	42581100
1-dic-23	2977910	0	39146100			1-dic-23	2983330	0	39146100			1-dic-23	2977910	0	39146100			1-dic-23	2977910	0	39146100
1-ene-24	2627910	0	36101800			1-ene-24	2633330	0	36096400			1-ene-24	2627910	0	36101800			1-ene-24	2627910	0	36101800
1-feb-24	2277910	0	33502700			1-feb-24	2283330	0	33491900			1-feb-24	2277910	0	33502700			1-feb-24	2277910	0	33502700
1-mar-24	1934420	0	31289600			1-mar-24	1933330	0	31279900			1-mar-24	1934420	0	31289600			1-mar-24	1934420	0	31289600
1-abr-24	2284420	0	28809600			1-abr-24	2283330	0	28800900			1-abr-24	2284420	0	28809600			1-abr-24	2284420	0	28809600
1-may-24	2634420	0	26067800			1-may-24	2633330	0	26060200			1-may-24	2634420	0	26067800			1-may-24	2634420	0	26067800
1-jun-24	2984420	0	29473200			1-jun-24	2983330	0	29466700			1-jun-24	2984420	0	29473200			1-jun-24	2984420	0	29473200
1-jul-24	3334420	0	28569800			1-jul-24	3333330	0	28564400			1-jul-24	3334420	0	28569800			1-jul-24	3334420	0	28569800
1-ago-24	3684420	0	29053600			1-ago-24	3683330	0	29049300			1-ago-24	3684420	0	29053600			1-ago-24	3684420	0	29053600
1-sept-24	4034420	0	26115600			1-sept-24	4033330	0	26112300			1-sept-24	4034420	0	26115600			1-sept-24	4034420	0	26115600
1-oct-24	4384420	0	23033100			1-oct-24	4383330	0	23030900			1-oct-24	4384420	0	23033100			1-oct-24	4384420	0	23033100
1-nov-24	4734420	0	20128200			1-nov-24	4733330	0	20127100			1-nov-24	4734420	0	20128200			1-nov-24	4734420	0	20128200
1-dic-24	5084420	0	16003400			1-dic-24	5083330	0	16003400			1-dic-24	5084420	0	16003400			1-dic-24	5084420	0	16003400
																					
																					
beneficio	=	992147000				beneficio	=	991842000				beneficio	=	989536000				beneficio	=	992761000	
																					
ampl:						ampl:						ampl:						ampl:			
																					
																					
																					
DQ1.000.000AlfaQprom	Q	Qe	V	:=		DQ1.000.000AlfaPex15	Q	Qe	V	:=		DQ1.000.000AlfaPex50	Q	Qe	V	:=		DQ1.000.000AlfaPex85	Q	Qe	V
1-ene-10	5234960	0	85204600			1-ene-10	5234960	0	85204600			1-ene-10	5234960	0	85204600			1-ene-10	5234960	0	85204600
1-feb-10	4234960	0	80304300			1-feb-10	4234960	0	80304300			1-feb-10	4234960	0	80304300			1-feb-10	4234960	0	80304300
1-mar-10	3234960	0	76829400			1-mar-10	3234960	0	76829400			1-mar-10	3234960	0	76829400			1-mar-10	3234960	0	76829400
1-abr-10	2234960	0	74579400			1-abr-10	2234960	0	74579400			1-abr-10	2234960	0	74579400			1-abr-10	2234960	0	74579400
1-may-10	1234960	0	76333900			1-may-10	1234960	0	76333900			1-may-10	1234960	0	76333900			1-may-10	1234960	0	76333900
1-jun-10	234962	0	80375100			1-jun-10	234962	0	80375100			1-jun-10	234962	0	80375100			1-jun-10	234962	0	80375100
1-jul-10	0	0	84032900			1-jul-10	0	0	84032900			1-jul-10	0	0	84032900			1-jul-10	0	0	84032900
1-ago-10	0	0	85969500			1-ago-10	0	0	85969500			1-ago-10	0	0	85969500			1-ago-10	0	0	85969500
1-sept-10	0	0	88129100			1-sept-10	0	0	88129100			1-sept-10	0	0	88129100			1-sept-10	0	0	88129100
1-oct-10	0	0	88211800			1-oct-10	0	0	88211800			1-oct-10	0	0	88211800			1-oct-10	0	0	88211800
1-nov-10	0	0	87371200			1-nov-10	0	0	87371200			1-nov-10	0	0	87371200			1-nov-10	0	0	87371200
1-dic-10	0	0	85975600			1-dic-10	0	0	85975600			1-dic-10	0	0	85975600			1-dic-10	0	0	85975600
1-ene-11	0	0	84496000			1-ene-11	0	0	84496000			1-ene-11	0	0	84496000			1-ene-11	0	0	84496000
1-feb-11	0	0	83644300			1-feb-11	0	0	83644300			1-feb-11	0	0	83644300			1-feb-11	0	0	83644300
1-mar-11	0	0	83017000			1-mar-11	0	0	83017000			1-mar-11	0	0	83017000			1-mar-11	0	0	83017000
1-abr-11	0	0	82587200			1-abr-11	0	0	82587200			1-abr-11	0	0	82587200			1-abr-11	0	0	82587200
1-may-11	0	0	82719400			1-may-11	0	0	82719400			1-may-11	0	0	82719400			1-may-11	0	0	82719400
1-jun-11	0	0	91194600			1-jun-11	0	0	91194600			1-jun-11	0	0	91194600			1-jun-11	0	0	91194600
1-jul-11	0	0	95776200			1-jul-11	0	0	95776200			1-jul-11	0	0	95776200			1-jul-11	0	0	95776200
1-ago-11	0	0	99477600			1-ago-11	0	0	99477600			1-ago-11	0	0	99477600			1-ago-11	0	0	99477600
1-sept-11	838266	0	1.00E+08			1-sept-11	838266	0	1.00E+08			1-sept-11	838266	0	1.00E+08			1-sept-11	838266	0	1.00E+08
1-oct-11	1490550	0	1.00E+08			1-oct-11	1490550	0	1.00E+08			1-oct-11	1490550	0	1.00E+08			1-oct-11	1490550	0	1.00E+08
1-nov-11	693011	0	1.00E+08			1-nov-11	693011	0	1.00E+08			1-nov-11	693011	0	1.00E+08			1-nov-11	693011	0	1.00E+08
1-dic-11	112414	0	1.00E+08			1-dic-11	112414	0	1.00E+08			1-dic-11	112414	0	1.00E+08			1-dic-11	112414	0	1.00E+08
1-ene-12	0	0	99701100			1-ene-12	0	0	99701100			1-ene-12	0	0	99701100			1-ene-12	0	0	99701100
1-feb-12	0	0	99682100			1-feb-12	0	0	99682100			1-feb-12	0	0	99682100			1-feb-12	0	0	99682100
1-mar-12	593357	0	99398100			1-mar-12	593357	0	99398100			1-mar-12	593357	0	99398100			1-mar-12	593357	0	99398100
1-abr-12	1593360	0	98092100			1-abr-12	1593360	0	98092100			1-abr-12	1593360	0	98092100			1-abr-12	1593360	0	98092100
1-may-12	2593360	0	97927300			1-may-12	2593360	0	97927300			1-may-12	2593360	0	97927300			1-may-12	2593360	0	97927300
1-jun-12	3593360	0	97187000			1-jun-12	3593360	0	97187000			1-jun-12	3593360	0	97187000			1-jun-12	3593360	0	97187000
1-jul-12	4593360	0	95460200			1-jul-12	4593360	0	95460200			1-jul-12	4593360	0	95460200			1-jul-12	4593360	0	95460200
1-ago-12	5593360	0	92521000			1-ago-12	5593360	0	92521000			1-ago-12	5593360	0	92521000			1-ago-12	5593360	0	92521000
1-sept-12	6333330	0	86686600			1-sept-12	6333330	0	86686600			1-sept-12	6333330	0	86686600			1-sept-12	6333330	0	86686600
1-oct-12	5333330	0	81123500			1-oct-12	5333330	0	81123500			1-oct-12	5333330	0	81123500			1-oct-12	5333330	0	81123500
1-nov-12	4333330	0	76833300			1-nov-12	4333330	0	76833300			1-nov-12	4333330	0	76833300			1-nov-12	4333330	0	76833300
1-dic-12	3333330	0	73348700			1-dic-12	3333330	0	73348700			1-dic-12	3333330	0	73348700			1-dic-12	3333330	0	73348700
1-ene-13	2333330	0	70779200			1-ene-13	2333330	0	70779200			1-ene-13	2333330	0	70779200			1-ene-13	2333330	0	70779200
1-feb-13	1333330	0	69032300			1-feb-13	1333330	0	69032300			1-feb-13	1333330	0	69032300			1-feb-13	1333330	0	69032300
1-mar-13	333333	0	68360800			1-mar-13	333333	0	68360800			1-mar-13	333333	0	68360800			1-mar-13	333333	0	68360800
1-abr-13	1333330	0	66785500			1-abr-13	1333330	0	66785500			1-abr-13	1333330	0	66785500			1-abr-13	1333330	0	66785500
1-may-13	2333330	0	67169000			1-may-13	2333330	0	67169000			1-may-13	2333330	0	67169000			1-may-13	2333330	0	67169000
1-jun-13	3333330	0	68168400			1-jun-13	3333330	0	68168400			1-jun-13	3333330	0	68168400			1-jun-13	3333330	0	68168400
1-jul-13	4333330	0	66852500			1-jul-13	4333330	0	66852500			1-jul-13	4333330	0	66852500			1-jul-13	4333330	0	66852500
1-ago-13	5333330	0	64141000			1-ago-13	5333330	0	64141000			1-ago-13	5333330	0	64141000			1-ago-13	5333330	0	64141000
1-sept-13	6333330	0	59897200			1-sept-13	6333330	0	59897200			1-sept-13	6333330	0	59897200			1-sept-13	6333330	0	59897200
1-oct-13	5333330	0	54786200			1-oct-13	5333330	0	54786200			1-oct-13	5333330	0	54786200			1-oct-13	5333330	0	54786200
1-nov-13	4333330	0	50985300			1-nov-13	4333330	0	50985300			1-nov-13	4333330	0	50985300			1-nov-13	4333330	0	50985300
1-dic-13	3333330	0	48003700			1-dic-13	3333330	0	48003700			1-dic-13	3333330	0	48003700			1-dic-13	3333330	0	48003700
1-ene-14	2333330	0	45887200			1-ene-14	2333330	0	45887200			1-ene-14	2333330	0	45887200			1-ene-14	2333330	0	45887200
1-feb-14	1333330	0	44692600			1-feb-14	1333330	0	44692600			1-feb-14	1333330	0	44692600			1-feb-14	1333330	0	44692600
1-mar-14	333333	0	44604800			1-mar-14	333333	0	44604800			1-mar-14	333333	0	44604800			1-mar-14	333333	0	44604800
1-abr-14	1333330	0	44370800			1-abr-14	1333330	0	44370800			1-abr-14	1333330	0	44370800			1-abr-14	1333330	0	44370800
1-may-14	2333330	0	44170400			1-may-14	2333330	0	44170400			1-may-14	2333330	0	44170400			1-may-14	2333330	0	44170400
1-jun-14	3333330	0	42979200			1-jun-14	3333330	0	42979200			1-jun-14	3333330	0	42979200			1-jun-14	3333330	0	42979200
1-jul-14	4333330	0	41840500			1-jul-14	4333330	0	41840500			1-jul-14	4333330	0	41840500			1-jul-14	4333330	0	41840500
1-ago-14	5333330	0	37980000			1-ago-14	5333330	0	37980000			1-ago-14	5333330	0	37980000			1-ago-14	5333330	0	37980000
1-sept-14	6333330	0	32905200			1-sept-14	6333330	0	32905200			1-sept-14	6333330	0	32905200			1-sept-14	6333330	0	32905200
1-oct-14	5333330	0	27794200			1-oct-14	5333330	0	27794200			1-oct-14	5333330	0	27794200			1-oct-14	5333330	0	27794200
1-nov-14	4333330	0	23518200			1-nov-14	4333330	0	23518200			1-nov-14	4333330	0	23518200			1-nov-14	4333330	0	23518200
1-dic-14	3333330	0	20130700			1-dic-14	3333330	0	20130700			1-dic-14	3333330	0	20130700			1-dic-14	3333330	0	20130700
1-ene-15	2333330	0	17684800			1-ene-15	2333330	0	17684800			1-ene-15	2333330	0	17684800			1-ene-15	2333330	0	17684800
1-feb-15	1333330	0	16195900			1-feb-15	1333330	0	16195900			1-feb-15	1333330	0	16195900			1-feb-15	1333330	0	16195900
1-mar-15	333333	0	16996000			1-mar-15	333333	0	16996000			1-mar-15	333333	0	16996000			1-mar-15	333333	0	16996000
1-abr-15	1333330	0	16300800			1-abr-15	1333330	0	16300800			1-abr-15	1333330	0	16300800			1-abr-15	1333330	0	16300800
1-may-15	2333330	0	14845600			1-may-15	2333330	0	14845600			1-may-15	2333330	0	14845600			1-may-15	2333330	0	14845600
1-jun-15	3333330	0	12665500			1-jun-15	3333330	0	12665500			1-jun-15	3333330	0	12665500			1-jun-15	3333330	0	12665500
1-jul-15	4333330	0	11203100			1-jul-15	4333330	0	11203100			1-jul-15	4333330	0	11203100			1-jul-15	4333330	0	11203100
1-ago-15	5333330	0	13068700			1-ago-15	5333330	0	13068700			1-ago-15	5333330	0	13068700			1-ago-15	5333330	0	13068700
1-sept-15	6333330	0	12297300			1-sept-15	6333330	0	12297300			1-sept-15	6333330	0	12297300			1-sept-15	6333330	0	12297300
1-oct-15	5333330	0	13306400			1-oct-15	5333330	0	13306400			1-oct-15	5333330	0	13306400			1-oct-15	5333330	0	13306400
1-nov-15	4333330	0	15829900			1-nov-15	4333330	0	15829900			1-nov-15	4333330	0	15829900			1-nov-15	4333330	0	15829900
1-dic-15	3333330	0	19709700			1-dic-15	3333330	0	19709700			1-dic-15	3333330	0	19709700			1-dic-15	3333330	0	19709700
1-ene-16	2333330	0	21142700			1-ene-16	2333330	0	21142700			1-ene-16	2333330	0	21142700			1-ene-16	2333330	0	21142700
1-feb-16	1333330	0	22257400			1-feb-16	1333330	0	22257400			1-feb-16	1333330	0	22257400			1-feb-16	1333330	0	22257400
1-mar-16	333333	0	24163300			1-mar-16	333333	0	24163300			1-mar-16	333333	0	24163300			1-mar-16	333333	0	24163300
1-abr-16	1333330	0	26579100			1-abr-16	1333330	0	26579100			1-abr-16	1333330	0	26579100			1-abr-16	1333330	0	26579100
1-may-16	2333330	0	29529600			1-may-16	2333330	0	29529600			1-may-16	2333330	0	29529600			1-may-16	2333330	0	29529600
1-jun-16	3333330	0	33393500			1-jun-16	3333330	0	33393500			1-jun-16	3333330	0	33393500			1-jun-16	3333330	0	33393500
1-jul-16	4333330	0	35356900			1-jul-16	4333330	0	35356900			1-jul-16	4333330	0	35356900			1-jul-16	4333330	0	35356900
1-ago-16	5333330	0	35667300			1-ago-16	5333330	0	35667300			1-ago-16	5333330	0	35667300			1-ago-16	5333330	0	35667300
1-sept-16	6333330	0	34497700			1-sept-16	6333330	0	34497700			1-sept-16	6333330	0	34497700			1-sept-16	6333330	0	34497700
1-oct-16	5333330	0	36011500			1-oct-16	5333330	0	36011500			1-oct-16	5333330	0	36011500			1-oct-16	5333330	0	36011500
1-nov-16	4333330	0	41267200			1-nov-16	4333330	0	41267200			1-nov-16	4333330	0	41267200			1-nov-16	4333330	0	41267200
1-dic-16	3333330	0	47943800			1-dic-16	3333330	0	47943800			1-dic-16	3333330	0	47943800			1-dic-16	3333330	0	47943800
1-ene-17	2333330	0	52614000			1-ene-17	2333330	0	52614000			1-ene-17	2333330	0	52614000			1-ene-17	2333330	0	52614000
1-feb-17	1333330	0	55326500			1-feb-17	1333330	0	55326500			1-feb-17	1333330	0	55326500			1-feb-17	1333330	0	55326500
1-mar-17	403238	0	58011900			1-mar-17	403238	0	58011900			1-mar-17	403238	0	58011900			1-mar-17	403238	0	58011900
1-abr-17	1403240	0	60195400			1-abr-17	1403240	0	60195400			1-abr-17	1403240	0	60195400			1-abr-17	1403240	0	60195400
1-may-17	2403240	0	81344400			1-may-17	2403240	0	81344400			1-may-17	2403240	0	81344400			1-may-17	2403240	0	81344400
1-jun-17	3403240	0	91210200			1-jun-17	3403240	0	91210200			1-jun-17	3403240	0	91210200			1-jun-17	3403240	0	91210200
1-jul-17	4403240	0	96643600			1-jul-17	4403240	0	96643600			1-jul-17	4403240	0	96643600			1-jul-17	4403240	0	96643600
1-ago-17	5403240	0	99258500			1-ago-17	5403240	0	99258500			1-ago-17	5403240	0	99258500			1-ago-17	5403240	0	99258500
1-sept-17	6228480	0	99406200			1-sept-17	6228480	0	99406200			1-sept-17	6228480	0	99406200			1-sept-17	6228480	0	99406200
1-oct-17	5228480	0	99662700			1-oct-17	5228480	0	99662700			1-oct-17	5228480	0	99662700			1-oct-17	5228480	0	99662700
1-nov-17	4228480	0	1.00E+08			1-nov-17	4228480	0	1.00E+08			1-nov-17	4228480	0	1.00E+08			1-nov-17	4228480	0	1.00E+08
1-dic-17	3228480	0	1.00E+08			1-dic-17	3228480	0	1.00E+08			1-dic-17	3228480	0	1.00E+08			1-dic-17	3228480	0	1.00E+08
1-ene-18	2228480	0	99951600			1-ene-18	2228480	0	99951600			1-ene-18	2228480	0	99951600			1-ene-18	2228480	0	99951600
1-feb-18	1228480	0	99772800			1-feb-18	1228480	0	99772800			1-feb-18	1228480	0	99772800			1-feb-18	1228480	0	99772800
1-mar-18	1716040	0	99482500			1-mar-18	1670010	0	99528500			1-mar-18	1716040	0	99482500			1-mar-18	1716040	0	99482500
1-abr-18	2716040	0	99151200			1-abr-18	2670010	0	99243300			1-abr-18	2716040	0	99151200			1-abr-18	2716040	0	99151200
1-may-18	3716040	0	99155700			1-may-18	3670010	0	99293700			1-may-18	3716040	0	99155700			1-may-18	3716040	0	99155700
1-jun-18	4434100	0	99930600			1-jun-18	4503140	0	99999600			1-jun-18	4434100	0	99930600			1-jun-18	4434100	0	99930600
1-jul-18	3434100	0	1.00E+08			1-jul-18	3503140	0	1.00E+08			1-jul-18	3434100	0	1.00E+08			1-jul-18	3434100	0	1.00E+08
1-ago-18	2434100	0	99886000			1-ago-18	2503140	0	99817000			1-ago-18	2434100	0	99886000			1-ago-18	2434100	0	99886000
1-sept-18	1434100	0	99745700			1-sept-18	1503140	0	99607600			1-sept-18	1434100	0	99745700			1-sept-18	1434100	0	99745700
1-oct-18	434101	0	1.00E+08			1-oct-18	503145	0	99792900			1-oct-18	434101	0	1.00E+08			1-oct-18	434101	0	1.00E+08
1-nov-18	207132	0	1.00E+08			1-nov-18	0	0	1.00E+08			1-nov-18	207132	0	1.00E+08			1-nov-18	207132	0	1.00E+08
1-dic-18	7419	0	1.00E+08			1-dic-18	7419	0	1.00E+08			1-dic-18	7419	0	1.00E+08			1-dic-18	7419	0	1.00E+08
1-ene-19	0	0	99797600			1-ene-19	0	0	99797600			1-ene-19	0	0	99797600			1-ene-19	0	0	99797600
1-feb-19	0	0	99573500			1-feb-19	0	0	99573500			1-feb-19	0	0	99573500			1-feb-19	0	0	99573500
1-mar-19	38106.5	0	99711300			1-mar-19	38106.5	0	99711300			1-mar-19	38106.5	0	99711300			1-mar-19	38106.5	0	99711300
1-abr-19	1038110	0	99142400			1-abr-19	1038110	0	99142400			1-abr-19	1038110	0	99142400			1-abr-19	1038110	0	99142400
1-may-19	2038110	0	99928500			1-may-19	2038110	0	99928500			1-may-19	2038110	0	99928500			1-may-19	2038110	0	99928500
1-jun-19	3038110	0	1.00E+08			1-jun-19	3038110	0	1.00E+08			1-jun-19	3038110	0	1.00E+08			1-jun-19	3038110	0	1.00E+08
1-jul-19	2555080	0	1.00E+08			1-jul-19	2555080	0	1.00E+08			1-jul-19	2555080	0	1.00E+08			1-jul-19	2555080	0	1.00E+08
1-ago-19	1622490	0	1.00E+08			1-ago-19	1622490	0	1.00E+08			1-ago-19	1622490	0	1.00E+08			1-ago-19	1622490	0	1.00E+08
1-sept-19	896947	0	1.00E+08			1-sept-19	896947	0	1.00E+08			1-sept-19	896947	0	1.00E+08			1-sept-19	896947	0	1.00E+08
1-oct-19	104392	0	1.00E+08			1-oct-19	104392	0	1.00E+08			1-oct-19	104392	0	1.00E+08			1-oct-19	104392	0	1.00E+08
1-nov-19	0	0	99646300			1-nov-19	0	0	99646300			1-nov-19	0	0	99646300			1-nov-19	0	0	99646300
1-dic-19	0	0	99102500			1-dic-19	0	0	99102500			1-dic-19	0	0	99102500			1-dic-19	0	0	99102500
1-ene-20	0	0	98431600			1-ene-20	0	0	98431600			1-ene-20	0	0	98431600			1-ene-20	0	0	98431600
1-feb-20	0	0	97739500			1-feb-20	0	0	97739500			1-feb-20	0	0	97739500			1-feb-20	0	0	97739500
1-mar-20	0	0	97162600			1-mar-20	0	0	97162600			1-mar-20	0	0	97162600			1-mar-20	0	0	97162600
1-abr-20	0	0	96852600			1-abr-20	0	0	96852600			1-abr-20	0	0	96852600			1-abr-20	0	0	96852600
1-may-20	0	0	96448600			1-may-20	0	0	96448600			1-may-20	0	0	96448600			1-may-20	0	0	96448600
1-jun-20	0	0	98028500			1-jun-20	0	0	98028500			1-jun-20	0	0	98028500			1-jun-20	0	0	98028500
1-jul-20	0	0	99790300			1-jul-20	0	0	99790300			1-jul-20	0	0	99790300			1-jul-20	0	0	99790300
1-ago-20	384785	0	1.00E+08			1-ago-20	384785	0	1.00E+08			1-ago-20	384785	0	1.00E+08			1-ago-20	384785	0	1.00E+08
1-sept-20	143223	0	1.00E+08			1-sept-20	143223	0	1.00E+08			1-sept-20	143223	0	1.00E+08			1-sept-20	143223	0	1.00E+08
1-oct-20	0	0	99850500			1-oct-20	0	0	99850500			1-oct-20	0	0	99850500			1-oct-20	0	0	99850500
1-nov-20	0	0	99484800			1-nov-20	0	0	99484800			1-nov-20	0	0	99484800			1-nov-20	0	0	99484800
1-dic-20	471992	0	98403200			1-dic-20	471992	0	98403200			1-dic-20	471992	0	98403200			1-dic-20	471992	0	98403200
1-ene-21	0	0	97729200			1-ene-21	0	0	97729200			1-ene-21	0	0	97729200			1-ene-21	0	0	97729200
1-feb-21	0	0	97301900			1-feb-21	0	0	97301900			1-feb-21	0	0	97301900			1-feb-21	0	0	97301900
1-mar-21	0	0	96925100			1-mar-21	0	0	96925100			1-mar-21	0	0	96925100			1-mar-21	0	0	96925100
1-abr-21	0	0	96530900			1-abr-21	0	0	96530900			1-abr-21	0	0	96530900			1-abr-21	0	0	96530900
1-may-21	0	0	96070900			1-may-21	0	0	96070900			1-may-21	0	0	96070900			1-may-21	0	0	96070900
1-jun-21	0	0	96086300			1-jun-21	0	0	96086300			1-jun-21	0	0	96086300			1-jun-21	0	0	96086300
1-jul-21	0	0	96695700			1-jul-21	0	0	96695700			1-jul-21	0	0	96695700			1-jul-21	0	0	96695700
1-ago-21	0	0	97211000			1-ago-21	0	0	97211000			1-ago-21	0	0	97211000			1-ago-21	0	0	97211000
1-sept-21	0	0	97168800			1-sept-21	0	0	97168800			1-sept-21	0	0	97168800			1-sept-21	0	0	97168800
1-oct-21	0	0	96770300			1-oct-21	0	0	96770300			1-oct-21	0	0	96770300			1-oct-21	0	0	96770300
1-nov-21	0	0	96203700			1-nov-21	0	0	96203700			1-nov-21	0	0	96203700			1-nov-21	0	0	96203700
1-dic-21	1.00E+06	0	94599000			1-dic-21	1.00E+06	0	94599000			1-dic-21	1.00E+06	0	94599000			1-dic-21	1.00E+06	0	94599000
1-ene-22	0	0	93998600			1-ene-22	0	0	93998600			1-ene-22	0	0	93998600			1-ene-22	0	0	93998600
1-feb-22	0	0	93571300			1-feb-22	0	0	93571300			1-feb-22	0	0	93571300			1-feb-22	0	0	93571300
1-mar-22	0	0	93171200			1-mar-22	0	0	93171200			1-mar-22	0	0	93171200			1-mar-22	0	0	93171200
1-abr-22	413902	0	92539900			1-abr-22	413902	0	92539900			1-abr-22	478358	0	92475500			1-abr-22	478358	0	92475500
1-may-22	1413900	0	91000900			1-may-22	1413900	0	91000900			1-may-22	1478360	0	90872000			1-may-22	1478360	0	90872000
1-jun-22	2413900	0	88552300			1-jun-22	2413900	0	88552300			1-jun-22	2478360	0	88359000			1-jun-22	2478360	0	88359000
1-jul-22	3413900	0	93275600			1-jul-22	3413900	0	93275600			1-jul-22	3478360	0	93017800			1-jul-22	3478360	0	93017800
1-ago-22	4413900	0	90334400			1-ago-22	4413900	0	90334400			1-ago-22	4478360	0	90012200			1-ago-22	4478360	0	90012200
1-sept-22	5413900	0	85428600			1-sept-22	5413900	0	85428600			1-sept-22	5333330	0	85186900			1-sept-22	5333330	0	85186900
1-oct-22	4413900	0	81425100			1-oct-22	4413900	0	81425100			1-oct-22	4333330	0	81264000			1-oct-22	4333330	0	81264000
1-nov-22	3413900	0	78100500			1-nov-22	3413900	0	78100500			1-nov-22	3333330	0	78019900			1-nov-22	3333330	0	78019900
1-dic-22	2413900	0	75614800			1-dic-22	2413900	0	75614800			1-dic-22	2333330	0	75614800			1-dic-22	2333330	0	75614800
1-ene-23	1413900	0	74071100			1-ene-23	1413900	0	74071100			1-ene-23	1333330	0	74151700			1-ene-23	1333330	0	74151700
1-feb-23	413902	0	73511800			1-feb-23	413902	0	73511800			1-feb-23	333333	0	73672900			1-feb-23	333333	0	73672900
1-mar-23	1317220	0	72204600			1-mar-23	1317220	0	72204600			1-mar-23	1333330	0	72349700			1-mar-23	1333330	0	72349700
1-abr-23	2317220	0	69756400			1-abr-23	2317220	0	69756400			1-abr-23	2333330	0	69885300			1-abr-23	2333330	0	69885300
1-may-23	3317220	0	67040200			1-may-23	3317220	0	67040200			1-may-23	3333330	0	67153000			1-may-23	3333330	0	67153000
1-jun-23	4317220	0	63930100			1-jun-23	4317220	0	63930100			1-jun-23	4333330	0	64026800			1-jun-23	4333330	0	64026800
1-jul-23	5317220	0	60040600			1-jul-23	5317220	0	60040600			1-jul-23	5333330	0	60121200			1-jul-23	5333330	0	60121200
1-ago-23	6317220	0	54661200			1-ago-23	6317220	0	54661200			1-ago-23	6333330	0	54725600			1-ago-23	6333330	0	54725600
1-sept-23	5317220	0	49796800			1-sept-23	5317220	0	49796800			1-sept-23	5333330	0	49845100			1-sept-23	5333330	0	49845100
1-oct-23	4317220	0	45645400			1-oct-23	4317220	0	45645400			1-oct-23	4333330	0	45677700			1-oct-23	4333330	0	45677700
1-nov-23	3317220	0	41920400			1-nov-23	3317220	0	41920400			1-nov-23	3333330	0	41936500			1-nov-23	3333330	0	41936500
1-dic-23	2317220	0	39146100			1-dic-23	2317220	0	39146100			1-dic-23	2333330	0	39146100			1-dic-23	2333330	0	39146100
1-ene-24	1317220	0	37412500			1-ene-24	1317220	0	37412500			1-ene-24	1333330	0	37396400			1-ene-24	1333330	0	37396400
1-feb-24	317220	0	36774100			1-feb-24	317220	0	36774100			1-feb-24	333333	0	36741900			1-feb-24	333333	0	36741900
1-mar-24	0	0	36495400			1-mar-24	0	0	36495400			1-mar-24	0	0	36463200			1-mar-24	0	0	36463200
1-abr-24	262840	0	36037000			1-abr-24	262840	0	36037000			1-abr-24	259259	0	36008300			1-abr-24	259259	0	36008300
1-may-24	1262840	0	34666700			1-may-24	1262840	0	34666700			1-may-24	1259260	0	34641600			1-may-24	1259260	0	34641600
1-jun-24	2262840	0	38793800			1-jun-24	2262840	0	38793800			1-jun-24	2259260	0	38772300			1-jun-24	2259260	0	38772300
1-jul-24	3262840	0	37961900			1-jul-24	3262840	0	37961900			1-jul-24	3259260	0	37944000			1-jul-24	3259260	0	37944000
1-ago-24	4262840	0	37867300			1-ago-24	4262840	0	37867300			1-ago-24	4259260	0	37853000			1-ago-24	4259260	0	37853000
1-sept-24	5262840	0	33700800			1-sept-24	5262840	0	33700800			1-sept-24	5259260	0	33690100			1-sept-24	5259260	0	33690100
1-oct-24	6262840	0	28739900			1-oct-24	6262840	0	28739900			1-oct-24	6259260	0	28732800			1-oct-24	6259260	0	28732800
1-nov-24	7262840	0	23306600			1-nov-24	7262840	0	23306600			1-nov-24	7259260	0	23303100			1-nov-24	7259260	0	23303100
1-dic-24	8262840	0	16003400			1-dic-24	8262840	0	16003400			1-dic-24	8259260	0	16003400			1-dic-24	8259260	0	16003400
																					
																					
beneficio	=	1062960000				beneficio	=	1063950000				beneficio	=	1059700000				beneficio	=	1060800000	
																					
ampl:						ampl:						ampl:						ampl:			
																					
																					
																					
																					
																					
																					
																					
																					
DQ20.700.000AlfaQprom	Q	Qe	V	:=		DQ20.700.000AlfaPex15	Q	Qe	V	:=		DQ20.700.000AlfaPex50	Q	Qe	V	:=		DQ20.700.000AlfaPex85	Q	Qe	V
1-ene-10	5234960	0	85204600			1-ene-10	5234960	0	85204600			1-ene-10	5234960	0	85204600			1-ene-10	5234960	0	85204600
1-feb-10	0	0	84539300			1-feb-10	0	0	84539300			1-feb-10	0	0	84539300			1-feb-10	0	0	84539300
1-mar-10	0	0	84299300			1-mar-10	0	0	84299300			1-mar-10	0	0	84299300			1-mar-10	0	0	84299300
1-abr-10	0	0	84284300			1-abr-10	0	0	84284300			1-abr-10	0	0	84284300			1-abr-10	0	0	84284300
1-may-10	0	0	87273800			1-may-10	0	0	87273800			1-may-10	0	0	87273800			1-may-10	0	0	87273800
1-jun-10	0	0	91549900			1-jun-10	0	0	91549900			1-jun-10	0	0	91549900			1-jun-10	0	0	91549900
1-jul-10	0	0	95207700			1-jul-10	0	0	95207700			1-jul-10	0	0	95207700			1-jul-10	0	0	95207700
1-ago-10	0	0	97144400			1-ago-10	0	0	97144400			1-ago-10	0	0	97144400			1-ago-10	0	0	97144400
1-sept-10	0	0	99303900			1-sept-10	0	0	99303900			1-sept-10	0	0	99303900			1-sept-10	0	0	99303900
1-oct-10	0	0	99386600			1-oct-10	0	0	99386600			1-oct-10	0	0	99386600			1-oct-10	0	0	99386600
1-nov-10	0	0	98546000			1-nov-10	0	0	98546000			1-nov-10	0	0	98546000			1-nov-10	0	0	98546000
1-dic-10	0	0	97150400			1-dic-10	0	0	97150400			1-dic-10	0	0	97150400			1-dic-10	0	0	97150400
1-ene-11	0	0	95670800			1-ene-11	0	0	95670800			1-ene-11	0	0	95670800			1-ene-11	0	0	95670800
1-feb-11	0	0	94819100			1-feb-11	0	0	94819100			1-feb-11	0	0	94819100			1-feb-11	0	0	94819100
1-mar-11	0	0	94191800			1-mar-11	0	0	94191800			1-mar-11	0	0	94191800			1-mar-11	0	0	94191800
1-abr-11	0	0	93762000			1-abr-11	0	0	93762000			1-abr-11	0	0	93762000			1-abr-11	0	0	93762000
1-may-11	0	0	93894200			1-may-11	0	0	93894200			1-may-11	0	0	93894200			1-may-11	0	0	93894200
1-jun-11	2369430	0	1.00E+08			1-jun-11	2369430	0	1.00E+08			1-jun-11	2369430	0	1.00E+08			1-jun-11	2369430	0	1.00E+08
1-jul-11	4581630	0	1.00E+08			1-jul-11	4581630	0	1.00E+08			1-jul-11	4581630	0	1.00E+08			1-jul-11	4581630	0	1.00E+08
1-ago-11	3701330	0	1.00E+08			1-ago-11	3701330	0	1.00E+08			1-ago-11	3701330	0	1.00E+08			1-ago-11	3701330	0	1.00E+08
1-sept-11	1360690	0	1.00E+08			1-sept-11	1360690	0	1.00E+08			1-sept-11	1360690	0	1.00E+08			1-sept-11	1360690	0	1.00E+08
1-oct-11	1490550	0	1.00E+08			1-oct-11	1490550	0	1.00E+08			1-oct-11	1490550	0	1.00E+08			1-oct-11	1490550	0	1.00E+08
1-nov-11	693011	0	1.00E+08			1-nov-11	693011	0	1.00E+08			1-nov-11	693011	0	1.00E+08			1-nov-11	693011	0	1.00E+08
1-dic-11	112414	0	1.00E+08			1-dic-11	112414	0	1.00E+08			1-dic-11	112414	0	1.00E+08			1-dic-11	112414	0	1.00E+08
1-ene-12	0	0	99701100			1-ene-12	0	0	99701100			1-ene-12	0	0	99701100			1-ene-12	0	0	99701100
1-feb-12	0	0	99682100			1-feb-12	0	0	99682100			1-feb-12	0	0	99682100			1-feb-12	0	0	99682100
1-mar-12	0	0	99991400			1-mar-12	0	0	99991400			1-mar-12	0	0	99991400			1-mar-12	0	0	99991400
1-abr-12	278805	0	1.00E+08			1-abr-12	278805	0	1.00E+08			1-abr-12	278805	0	1.00E+08			1-abr-12	278805	0	1.00E+08
1-may-12	2428590	0	1.00E+08			1-may-12	2428590	0	1.00E+08			1-may-12	2428590	0	1.00E+08			1-may-12	2428590	0	1.00E+08
1-jun-12	2853010	0	1.00E+08			1-jun-12	2853010	0	1.00E+08			1-jun-12	2853010	0	1.00E+08			1-jun-12	2853010	0	1.00E+08
1-jul-12	2866590	0	1.00E+08			1-jul-12	2866590	0	1.00E+08			1-jul-12	2866590	0	1.00E+08			1-jul-12	2866590	0	1.00E+08
1-ago-12	2654130	0	1.00E+08			1-ago-12	2654130	0	1.00E+08			1-ago-12	2654130	0	1.00E+08			1-ago-12	2654130	0	1.00E+08
1-sept-12	498930	0	1.00E+08			1-sept-12	498930	0	1.00E+08			1-sept-12	498930	0	1.00E+08			1-sept-12	498930	0	1.00E+08
1-oct-12	0	0	99770200			1-oct-12	0	0	99770200			1-oct-12	0	0	99770200			1-oct-12	0	0	99770200
1-nov-12	5613420	0	94200000			1-nov-12	5613420	0	94200000			1-nov-12	5613420	0	94200000			1-nov-12	5613420	0	94200000
1-dic-12	20700000	0	73348700			1-dic-12	20700000	0	73348700			1-dic-12	20700000	0	73348700			1-dic-12	20700000	0	73348700
1-ene-13	0	0	73112600			1-ene-13	0	0	73112600			1-ene-13	0	0	73112600			1-ene-13	0	0	73112600
1-feb-13	0	0	72699000			1-feb-13	0	0	72699000			1-feb-13	0	0	72699000			1-feb-13	0	0	72699000
1-mar-13	0	0	72360800			1-mar-13	0	0	72360800			1-mar-13	0	0	72360800			1-mar-13	0	0	72360800
1-abr-13	0	0	72118800			1-abr-13	0	0	72118800			1-abr-13	0	0	72118800			1-abr-13	0	0	72118800
1-may-13	0	0	74835700			1-may-13	0	0	74835700			1-may-13	0	0	74835700			1-may-13	0	0	74835700
1-jun-13	0	0	79168400			1-jun-13	0	0	79168400			1-jun-13	0	0	79168400			1-jun-13	0	0	79168400
1-jul-13	0	0	82185800			1-jul-13	0	0	82185800			1-jul-13	0	0	82185800			1-jul-13	0	0	82185800
1-ago-13	0	0	84807600			1-ago-13	0	0	84807600			1-ago-13	0	0	84807600			1-ago-13	0	0	84807600
1-sept-13	0	0	86897200			1-sept-13	0	0	86897200			1-sept-13	0	0	86897200			1-sept-13	0	0	86897200
1-oct-13	0	0	87119600			1-oct-13	0	0	87119600			1-oct-13	0	0	87119600			1-oct-13	0	0	87119600
1-nov-13	19300000	0	68352000			1-nov-13	19300000	0	68352000			1-nov-13	19300000	0	68352000			1-nov-13	19300000	0	68352000
1-dic-13	20700000	0	48003700			1-dic-13	20700000	0	48003700			1-dic-13	20700000	0	48003700			1-dic-13	20700000	0	48003700
1-ene-14	0	0	48220500			1-ene-14	0	0	48220500			1-ene-14	0	0	48220500			1-ene-14	0	0	48220500
1-feb-14	0	0	48359300			1-feb-14	0	0	48359300			1-feb-14	0	0	48359300			1-feb-14	0	0	48359300
1-mar-14	0	0	48604800			1-mar-14	0	0	48604800			1-mar-14	0	0	48604800			1-mar-14	0	0	48604800
1-abr-14	0	0	49704100			1-abr-14	0	0	49704100			1-abr-14	0	0	49704100			1-abr-14	0	0	49704100
1-may-14	0	0	51837100			1-may-14	0	0	51837100			1-may-14	0	0	51837100			1-may-14	0	0	51837100
1-jun-14	0	0	53979200			1-jun-14	0	0	53979200			1-jun-14	0	0	53979200			1-jun-14	0	0	53979200
1-jul-14	0	0	57173900			1-jul-14	0	0	57173900			1-jul-14	0	0	57173900			1-jul-14	0	0	57173900
1-ago-14	0	0	58646700			1-ago-14	0	0	58646700			1-ago-14	0	0	58646700			1-ago-14	0	0	58646700
1-sept-14	0	0	59905200			1-sept-14	0	0	59905200			1-sept-14	0	0	59905200			1-sept-14	0	0	59905200
1-oct-14	0	0	60127600			1-oct-14	0	0	60127600			1-oct-14	0	0	60127600			1-oct-14	0	0	60127600
1-nov-14	19300000	0	40884800			1-nov-14	19300000	0	40884800			1-nov-14	19300000	0	40884800			1-nov-14	19300000	0	40884800
1-dic-14	20700000	0	20130700			1-dic-14	20700000	0	20130700			1-dic-14	20700000	0	20130700			1-dic-14	20700000	0	20130700
1-ene-15	0	0	20018200			1-ene-15	0	0	20018200			1-ene-15	0	0	20018200			1-ene-15	0	0	20018200
1-feb-15	0	0	19862600			1-feb-15	0	0	19862600			1-feb-15	0	0	19862600			1-feb-15	0	0	19862600
1-mar-15	0	0	20996000			1-mar-15	0	0	20996000			1-mar-15	0	0	20996000			1-mar-15	0	0	20996000
1-abr-15	0	0	21634100			1-abr-15	0	0	21634100			1-abr-15	0	0	21634100			1-abr-15	0	0	21634100
1-may-15	0	0	22512300			1-may-15	0	0	22512300			1-may-15	0	0	22512300			1-may-15	0	0	22512300
1-jun-15	0	0	23665500			1-jun-15	0	0	23665500			1-jun-15	0	0	23665500			1-jun-15	0	0	23665500
1-jul-15	0	0	26536400			1-jul-15	0	0	26536400			1-jul-15	0	0	26536400			1-jul-15	0	0	26536400
1-ago-15	0	0	33735400			1-ago-15	0	0	33735400			1-ago-15	0	0	33735400			1-ago-15	0	0	33735400
1-sept-15	0	0	39297300			1-sept-15	0	0	39297300			1-sept-15	0	0	39297300			1-sept-15	0	0	39297300
1-oct-15	0	0	45639800			1-oct-15	0	0	45639800			1-oct-15	0	0	45639800			1-oct-15	0	0	45639800
1-nov-15	19300000	0	33196600			1-nov-15	19300000	0	33196600			1-nov-15	19300000	0	33196600			1-nov-15	19300000	0	33196600
1-dic-15	20700000	0	19709700			1-dic-15	20700000	0	19709700			1-dic-15	20700000	0	19709700			1-dic-15	20700000	0	19709700
1-ene-16	0	0	23476000			1-ene-16	0	0	23476000			1-ene-16	0	0	23476000			1-ene-16	0	0	23476000
1-feb-16	0	0	25924100			1-feb-16	0	0	25924100			1-feb-16	0	0	25924100			1-feb-16	0	0	25924100
1-mar-16	0	0	28163300			1-mar-16	0	0	28163300			1-mar-16	0	0	28163300			1-mar-16	0	0	28163300
1-abr-16	0	0	31912400			1-abr-16	0	0	31912400			1-abr-16	0	0	31912400			1-abr-16	0	0	31912400
1-may-16	0	0	37196200			1-may-16	0	0	37196200			1-may-16	0	0	37196200			1-may-16	0	0	37196200
1-jun-16	0	0	44393500			1-jun-16	0	0	44393500			1-jun-16	0	0	44393500			1-jun-16	0	0	44393500
1-jul-16	0	0	50690200			1-jul-16	0	0	50690200			1-jul-16	0	0	50690200			1-jul-16	0	0	50690200
1-ago-16	0	0	56333900			1-ago-16	0	0	56333900			1-ago-16	0	0	56333900			1-ago-16	0	0	56333900
1-sept-16	0	0	61497700			1-sept-16	0	0	61497700			1-sept-16	0	0	61497700			1-sept-16	0	0	61497700
1-oct-16	0	0	68344800			1-oct-16	0	0	68344800			1-oct-16	0	0	68344800			1-oct-16	0	0	68344800
1-nov-16	19300000	0	58633900			1-nov-16	19300000	0	58633900			1-nov-16	19300000	0	58633900			1-nov-16	19300000	0	58633900
1-dic-16	20700000	0	47943800			1-dic-16	20700000	0	47943800			1-dic-16	20700000	0	47943800			1-dic-16	20700000	0	47943800
1-ene-17	0	0	54947300			1-ene-17	0	0	54947300			1-ene-17	0	0	54947300			1-ene-17	0	0	54947300
1-feb-17	0	0	58993100			1-feb-17	0	0	58993100			1-feb-17	0	0	58993100			1-feb-17	0	0	58993100
1-mar-17	0	0	62081800			1-mar-17	0	0	62081800			1-mar-17	0	0	62081800			1-mar-17	0	0	62081800
1-abr-17	0	0	65668600			1-abr-17	0	0	65668600			1-abr-17	0	0	65668600			1-abr-17	0	0	65668600
1-may-17	0	0	89220800			1-may-17	0	0	89220800			1-may-17	0	0	89220800			1-may-17	0	0	89220800
1-jun-17	2489770	0	1.00E+08			1-jun-17	2489770	0	1.00E+08			1-jun-17	2489770	0	1.00E+08			1-jun-17	2489770	0	1.00E+08
1-jul-17	9836680	0	1.00E+08			1-jul-17	9836680	0	1.00E+08			1-jul-17	9836680	0	1.00E+08			1-jul-17	9836680	0	1.00E+08
1-ago-17	8018180	0	1.00E+08			1-ago-17	8018180	0	1.00E+08			1-ago-17	8018180	0	1.00E+08			1-ago-17	8018180	0	1.00E+08
1-sept-17	6376170	0	1.00E+08			1-sept-17	6376170	0	1.00E+08			1-sept-17	6376170	0	1.00E+08			1-sept-17	6376170	0	1.00E+08
1-oct-17	5484930	0	1.00E+08			1-oct-17	5484930	0	1.00E+08			1-oct-17	5484930	0	1.00E+08			1-oct-17	5484930	0	1.00E+08
1-nov-17	4565780	0	1.00E+08			1-nov-17	4565780	0	1.00E+08			1-nov-17	4565780	0	1.00E+08			1-nov-17	4565780	0	1.00E+08
1-dic-17	3228480	0	1.00E+08			1-dic-17	3228480	0	1.00E+08			1-dic-17	3228480	0	1.00E+08			1-dic-17	3228480	0	1.00E+08
1-ene-18	2180060	0	1.00E+08			1-ene-18	2180060	0	1.00E+08			1-ene-18	2180060	0	1.00E+08			1-ene-18	2180060	0	1.00E+08
1-feb-18	1049660	0	1.00E+08			1-feb-18	1049660	0	1.00E+08			1-feb-18	1049660	0	1.00E+08			1-feb-18	1049660	0	1.00E+08
1-mar-18	1425740	0	1.00E+08			1-mar-18	1425740	0	1.00E+08			1-mar-18	1425740	0	1.00E+08			1-mar-18	1425740	0	1.00E+08
1-abr-18	2384820	0	1.00E+08			1-abr-18	2384820	0	1.00E+08			1-abr-18	2384820	0	1.00E+08			1-abr-18	2384820	0	1.00E+08
1-may-18	3720440	0	1.00E+08			1-may-18	3720440	0	1.00E+08			1-may-18	3720440	0	1.00E+08			1-may-18	3720440	0	1.00E+08
1-jun-18	5209030	0	1.00E+08			1-jun-18	5209030	0	1.00E+08			1-jun-18	5209030	0	1.00E+08			1-jun-18	5209030	0	1.00E+08
1-jul-18	3503520	0	1.00E+08			1-jul-18	3503520	0	1.00E+08			1-jul-18	3503520	0	1.00E+08			1-jul-18	3503520	0	1.00E+08
1-ago-18	2320130	0	1.00E+08			1-ago-18	2320130	0	1.00E+08			1-ago-18	2320130	0	1.00E+08			1-ago-18	2320130	0	1.00E+08
1-sept-18	1293800	0	1.00E+08			1-sept-18	1293800	0	1.00E+08			1-sept-18	1293800	0	1.00E+08			1-sept-18	1293800	0	1.00E+08
1-oct-18	688379	0	1.00E+08			1-oct-18	688379	0	1.00E+08			1-oct-18	688379	0	1.00E+08			1-oct-18	688379	0	1.00E+08
1-nov-18	207132	0	1.00E+08			1-nov-18	207132	0	1.00E+08			1-nov-18	207132	0	1.00E+08			1-nov-18	207132	0	1.00E+08
1-dic-18	7419	0	1.00E+08			1-dic-18	7419	0	1.00E+08			1-dic-18	7419	0	1.00E+08			1-dic-18	7419	0	1.00E+08
1-ene-19	0	0	99797600			1-ene-19	0	0	99797600			1-ene-19	0	0	99797600			1-ene-19	0	0	99797600
1-feb-19	0	0	99573500			1-feb-19	0	0	99573500			1-feb-19	0	0	99573500			1-feb-19	0	0	99573500
1-mar-19	0	0	99749400			1-mar-19	0	0	99749400			1-mar-19	0	0	99749400			1-mar-19	0	0	99749400
1-abr-19	218565	0	1.00E+08			1-abr-19	218565	0	1.00E+08			1-abr-19	218565	0	1.00E+08			1-abr-19	218565	0	1.00E+08
1-may-19	2824220	0	1.00E+08			1-may-19	2824220	0	1.00E+08			1-may-19	2824220	0	1.00E+08			1-may-19	2824220	0	1.00E+08
1-jun-19	3109640	0	1.00E+08			1-jun-19	3109640	0	1.00E+08			1-jun-19	3109640	0	1.00E+08			1-jun-19	3109640	0	1.00E+08
1-jul-19	2555080	0	1.00E+08			1-jul-19	2555080	0	1.00E+08			1-jul-19	2555080	0	1.00E+08			1-jul-19	2555080	0	1.00E+08
1-ago-19	1622490	0	1.00E+08			1-ago-19	1622490	0	1.00E+08			1-ago-19	1622490	0	1.00E+08			1-ago-19	1622490	0	1.00E+08
1-sept-19	896947	0	1.00E+08			1-sept-19	896947	0	1.00E+08			1-sept-19	896947	0	1.00E+08			1-sept-19	896947	0	1.00E+08
1-oct-19	104392	0	1.00E+08			1-oct-19	104392	0	1.00E+08			1-oct-19	104392	0	1.00E+08			1-oct-19	104392	0	1.00E+08
1-nov-19	0	0	99646300			1-nov-19	0	0	99646300			1-nov-19	0	0	99646300			1-nov-19	0	0	99646300
1-dic-19	0	0	99102500			1-dic-19	0	0	99102500			1-dic-19	0	0	99102500			1-dic-19	0	0	99102500
1-ene-20	0	0	98431600			1-ene-20	0	0	98431600			1-ene-20	0	0	98431600			1-ene-20	0	0	98431600
1-feb-20	0	0	97739500			1-feb-20	0	0	97739500			1-feb-20	0	0	97739500			1-feb-20	0	0	97739500
1-mar-20	0	0	97162600			1-mar-20	0	0	97162600			1-mar-20	0	0	97162600			1-mar-20	0	0	97162600
1-abr-20	0	0	96852600			1-abr-20	0	0	96852600			1-abr-20	0	0	96852600			1-abr-20	0	0	96852600
1-may-20	0	0	96448600			1-may-20	0	0	96448600			1-may-20	0	0	96448600			1-may-20	0	0	96448600
1-jun-20	0	0	98028500			1-jun-20	0	0	98028500			1-jun-20	0	0	98028500			1-jun-20	0	0	98028500
1-jul-20	0	0	99790300			1-jul-20	0	0	99790300			1-jul-20	0	0	99790300			1-jul-20	0	0	99790300
1-ago-20	384785	0	1.00E+08			1-ago-20	384785	0	1.00E+08			1-ago-20	384785	0	1.00E+08			1-ago-20	384785	0	1.00E+08
1-sept-20	143223	0	1.00E+08			1-sept-20	143223	0	1.00E+08			1-sept-20	143223	0	1.00E+08			1-sept-20	143223	0	1.00E+08
1-oct-20	0	0	99850500			1-oct-20	0	0	99850500			1-oct-20	0	0	99850500			1-oct-20	0	0	99850500
1-nov-20	0	0	99484800			1-nov-20	0	0	99484800			1-nov-20	0	0	99484800			1-nov-20	0	0	99484800
1-dic-20	471992	0	98403200			1-dic-20	471992	0	98403200			1-dic-20	471992	0	98403200			1-dic-20	471992	0	98403200
1-ene-21	0	0	97729200			1-ene-21	0	0	97729200			1-ene-21	0	0	97729200			1-ene-21	0	0	97729200
1-feb-21	0	0	97301900			1-feb-21	0	0	97301900			1-feb-21	0	0	97301900			1-feb-21	0	0	97301900
1-mar-21	0	0	96925100			1-mar-21	0	0	96925100			1-mar-21	0	0	96925100			1-mar-21	0	0	96925100
1-abr-21	0	0	96530900			1-abr-21	0	0	96530900			1-abr-21	0	0	96530900			1-abr-21	0	0	96530900
1-may-21	0	0	96070900			1-may-21	0	0	96070900			1-may-21	0	0	96070900			1-may-21	0	0	96070900
1-jun-21	0	0	96086300			1-jun-21	0	0	96086300			1-jun-21	0	0	96086300			1-jun-21	0	0	96086300
1-jul-21	0	0	96695700			1-jul-21	0	0	96695700			1-jul-21	0	0	96695700			1-jul-21	0	0	96695700
1-ago-21	0	0	97211000			1-ago-21	0	0	97211000			1-ago-21	0	0	97211000			1-ago-21	0	0	97211000
1-sept-21	0	0	97168800			1-sept-21	0	0	97168800			1-sept-21	0	0	97168800			1-sept-21	0	0	97168800
1-oct-21	0	0	96770300			1-oct-21	0	0	96770300			1-oct-21	0	0	96770300			1-oct-21	0	0	96770300
1-nov-21	0	0	96203700			1-nov-21	0	0	96203700			1-nov-21	0	0	96203700			1-nov-21	0	0	96203700
1-dic-21	1.00E+06	0	94599000			1-dic-21	1.00E+06	0	94599000			1-dic-21	1.00E+06	0	94599000			1-dic-21	1.00E+06	0	94599000
1-ene-22	0	0	93998600			1-ene-22	0	0	93998600			1-ene-22	0	0	93998600			1-ene-22	0	0	93998600
1-feb-22	0	0	93571300			1-feb-22	0	0	93571300			1-feb-22	0	0	93571300			1-feb-22	0	0	93571300
1-mar-22	0	0	93171200			1-mar-22	0	0	93171200			1-mar-22	0	0	93171200			1-mar-22	0	0	93171200
1-abr-22	0	0	92953800			1-abr-22	0	0	92953800			1-abr-22	0	0	92953800			1-abr-22	0	0	92953800
1-may-22	0	0	92828700			1-may-22	0	0	92828700			1-may-22	0	0	92828700			1-may-22	0	0	92828700
1-jun-22	0	0	92794000			1-jun-22	0	0	92794000			1-jun-22	0	0	92794000			1-jun-22	0	0	92794000
1-jul-22	931222	0	1.00E+08			1-jul-22	931222	0	1.00E+08			1-jul-22	931222	0	1.00E+08			1-jul-22	931222	0	1.00E+08
1-ago-22	1472730	0	1.00E+08			1-ago-22	1472730	0	1.00E+08			1-ago-22	1472730	0	1.00E+08			1-ago-22	1472730	0	1.00E+08
1-sept-22	508052	0	1.00E+08			1-sept-22	508052	0	1.00E+08			1-sept-22	508052	0	1.00E+08			1-sept-22	508052	0	1.00E+08
1-oct-22	410431	0	1.00E+08			1-oct-22	410431	0	1.00E+08			1-oct-22	410431	0	1.00E+08			1-oct-22	410431	0	1.00E+08
1-nov-22	3702690	0	96386600			1-nov-22	3702690	0	96386600			1-nov-22	3702690	0	96386600			1-nov-22	3702690	0	96386600
1-dic-22	20700000	0	75614800			1-dic-22	20700000	0	75614800			1-dic-22	20700000	0	75614800			1-dic-22	20700000	0	75614800
1-ene-23	0	0	75485000			1-ene-23	0	0	75485000			1-ene-23	0	0	75485000			1-ene-23	0	0	75485000
1-feb-23	0	0	75339600			1-feb-23	0	0	75339600			1-feb-23	0	0	75339600			1-feb-23	0	0	75339600
1-mar-23	0	0	75349700			1-mar-23	0	0	75349700			1-mar-23	0	0	75349700			1-mar-23	0	0	75349700
1-abr-23	0	0	75218600			1-abr-23	0	0	75218600			1-abr-23	0	0	75218600			1-abr-23	0	0	75218600
1-may-23	0	0	75819700			1-may-23	0	0	75819700			1-may-23	0	0	75819700			1-may-23	0	0	75819700
1-jun-23	0	0	77026800			1-jun-23	0	0	77026800			1-jun-23	0	0	77026800			1-jun-23	0	0	77026800
1-jul-23	0	0	78454500			1-jul-23	0	0	78454500			1-jul-23	0	0	78454500			1-jul-23	0	0	78454500
1-ago-23	0	0	79392300			1-ago-23	0	0	79392300			1-ago-23	0	0	79392300			1-ago-23	0	0	79392300
1-sept-23	0	0	79845100			1-sept-23	0	0	79845100			1-sept-23	0	0	79845100			1-sept-23	0	0	79845100
1-oct-23	0	0	80011000			1-oct-23	0	0	80011000			1-oct-23	0	0	80011000			1-oct-23	0	0	80011000
1-nov-23	19300000	0	60303200			1-nov-23	19300000	0	60303200			1-nov-23	19300000	0	60303200			1-nov-23	19300000	0	60303200
1-dic-23	20700000	0	39146100			1-dic-23	20700000	0	39146100			1-dic-23	20700000	0	39146100			1-dic-23	20700000	0	39146100
1-ene-24	0	0	38729800			1-ene-24	0	0	38729800			1-ene-24	0	0	38729800			1-ene-24	0	0	38729800
1-feb-24	0	0	38408600			1-feb-24	0	0	38408600			1-feb-24	0	0	38408600			1-feb-24	0	0	38408600
1-mar-24	0	0	38129900			1-mar-24	0	0	38129900			1-mar-24	0	0	38129900			1-mar-24	0	0	38129900
1-abr-24	0	0	37934200			1-abr-24	0	0	37934200			1-abr-24	0	0	37934200			1-abr-24	0	0	37934200
1-may-24	0	0	37826800			1-may-24	0	0	37826800			1-may-24	0	0	37826800			1-may-24	0	0	37826800
1-jun-24	0	0	44216700			1-jun-24	0	0	44216700			1-jun-24	0	0	44216700			1-jun-24	0	0	44216700
1-jul-24	0	0	46647700			1-jul-24	0	0	46647700			1-jul-24	0	0	46647700			1-jul-24	0	0	46647700
1-ago-24	0	0	50815900			1-ago-24	0	0	50815900			1-ago-24	0	0	50815900			1-ago-24	0	0	50815900
1-sept-24	0	0	51912300			1-sept-24	0	0	51912300			1-sept-24	0	0	51912300			1-sept-24	0	0	51912300
1-oct-24	0	0	53214200			1-oct-24	0	0	53214200			1-oct-24	0	0	53214200			1-oct-24	0	0	53214200
1-nov-24	19108500	0	35935300			1-nov-24	19108500	0	35935300			1-nov-24	19108500	0	35935300			1-nov-24	19108500	0	35935300
1-dic-24	20891500	0	16003400			1-dic-24	20891500	0	16003400			1-dic-24	20891500	0	16003400			1-dic-24	20891500	0	16003400
																					
																					
beneficio	=	1141210000				beneficio	=	1142590000				beneficio	=	1137160000				beneficio	=	1140500000	
